CHR POS rsid SNPID Allele1 Allele2 AC_Allele2 AF_Allele2 imputationInfo N BETA SE Tstat p.value varT varTstar
1 1 mog_0  D d 902 0.978308026030369 1 461 -0.247575197703358 0.239109752020163 -4.33024587276655 0.300480270606442 17.4906287581966 19.0450425087758
1 2 mog_1  D d 857 0.929501084598699 1 461 -0.200204367598046 0.136077657050042 -10.8118472534353 0.141223291969939 54.0040528743231 58.8034596615445
1 3 mog_2  D d 877 0.95119305856833 1 461 0.20625633019868 0.160275623398229 8.02920112541015 0.198134299048957 38.9282652206402 42.3878681646912
1 4 mog_3  D d 870 0.943600867678959 1 461 0.169232888961154 0.151212193608848 7.40135339244272 0.263065538879087 43.7347222391367 47.6214809466773
1 5 mog_4  D d 844 0.915401301518438 1 461 -0.0193184557030776 0.12663081412487 -1.20474077197737 0.878747396636189 62.3621675818244 67.9043703319508
1 6 mog_5  D d 875 0.949023861171367 1 461 -0.00321411895766934 0.157113177479647 -0.13020771647245 0.983678536260528 40.5111690597997 44.1114466203811
1 7 mog_6  D d 782 0.848156182212581 1 461 0.00369330753379562 0.099135148742406 0.375802917043547 0.970281463640243 101.752403125048 110.795264691584
1 8 mog_7  D d 821 0.890455531453362 1 461 0.114963627939983 0.105522228519524 10.324583750941 0.275945317172924 89.8073933116563 97.7886871231724
1 9 mog_8  D d 664 0.720173535791757 1 461 -0.0639622674965422 0.0782150227485798 -10.455468535733 0.413485841714329 163.463068852245 177.990233395529
1 10 mog_9  D d 902 0.978308026030369 1 461 -0.161215337937309 0.239290870272252 -2.81549071605608 0.500488566007494 17.4641616119115 19.016223194556
1 11 mog_10  D d 789 0.855748373101952 1 461 -0.0482743838370438 0.0986281525666386 -4.96266480692862 0.624517155551879 102.801204541123 111.937274383092
1 12 mog_11  D d 880 0.954446854663774 1 461 0.0874085774508266 0.169567292532879 3.03997407901385 0.606217520359487 34.7788989098243 37.8697425520292
1 13 mog_12  D d 700 0.759219088937093 1 461 0.00814609774434698 0.0804544787224698 1.25848825329345 0.919351199535623 154.489706947941 168.219397751098
1 14 mog_13  D d 813 0.88177874186551 1 461 -0.110877525952276 0.106559027419595 -9.76479276587121 0.29809521025584 88.068277876927 95.8950143547441
1 15 mog_14  D d 729 0.790672451193059 1 461 -0.10300706290947 0.0866407923465407 -13.722150348371 0.234479815573357 133.215625810349 145.054662783482
1 16 mog_15  D d 899 0.975054229934924 1 461 -0.100634886710689 0.224015344447112 -2.00536313667954 0.653264223550366 19.9271167507217 21.6980641943466
1 17 mog_16  D d 743 0.8058568329718 1 461 0.0164624575441708 0.087412222490504 2.154519072594 0.850616950066611 130.874692725139 142.505688087696
1 18 mog_17  D d 911 0.988069414316703 1 461 0.0380500697723644 0.293021887209535 0.443154675073707 0.896681923526269 11.6466192499749 12.6816686675917
1 19 mog_18  D d 687 0.745119305856833 1 461 -0.125193125372673 0.0804302627847695 -19.3526974073886 0.119579135654278 154.582748451879 168.320707968248
1 20 mog_19  D d 799 0.866594360086768 1 461 -0.00240023370176344 0.106832830569692 -0.210302317592868 0.982075282490634 87.6174338516956 95.404103264922
1 21 mog_20  D d 716 0.776572668112798 1 461 0.0188081123094591 0.0841946267960545 2.65323951711489 0.823233145359632 141.0688895015 153.605855705035
1 22 mog_21  D d 811 0.879609544468547 1 461 -0.0803847335169599 0.10613143627219 -7.13650366655345 0.448805833624087 88.7793409808066 96.6692705136864
1 23 mog_22  D d 704 0.76355748373102 1 461 0.11884733495391 0.0834237414601164 17.0769426682089 0.1542663669157 143.68805724446 156.457792115777
1 24 mog_23  D d 739 0.801518438177874 1 461 0.089148669876653 0.0890361095152338 11.2455970469952 0.316699090851432 126.144305490533 137.354905505119
1 25 mog_24  D d 692 0.750542299349241 1 461 0.0250551847991288 0.0803518574858419 3.88066156057646 0.755178566438971 154.884571464482 168.649354364247
1 26 mog_25  D d 716 0.776572668112798 1 461 0.0295519445193723 0.080786205685957 4.5280544525089 0.71451108238693 153.223570433432 166.840738122899
1 27 mog_26  D d 702 0.761388286334056 1 461 0.0806570258499884 0.0770280240913032 13.5939193387676 0.295047581219491 168.539804133747 183.518144403114
1 28 mog_27  D d 772 0.837310195227766 1 461 -0.0207918959413135 0.0912735777640265 -2.49576646013631 0.81980364382128 120.035540153759 130.70324665835
1 29 mog_28  D d 828 0.898047722342733 1 461 -0.0302068029108725 0.114146294101757 -2.31836135905504 0.791292690818053 76.7496436446961 83.5704791379581
1 30 mog_29  D d 751 0.814533622559653 1 461 -0.112547882173293 0.0884578101067338 -14.3835126623585 0.203254461880578 127.799052142197 139.156711532671
1 31 mog_30  D d 725 0.786334056399132 1 461 -0.0377626283322515 0.0846144434051182 -5.27440179086342 0.65538736577872 139.672528735474 152.085398635469
1 32 mog_31  D d 779 0.844902386117137 1 461 0.00670753839020918 0.0959285949230546 0.728898405681475 0.944255583408365 108.668540271857 118.326047476954
1 33 mog_32  D d 786 0.852494577006508 1 461 -0.0331673481862357 0.0930977808908633 -3.8267676303602 0.721643185479291 115.377557737591 125.63130359973
1 34 mog_33  D d 739 0.801518438177874 1 461 0.0648785106898143 0.0857328155661138 8.8268693511446 0.449198237840519 136.052280752036 148.14341474855
1 35 mog_34  D d 823 0.892624728850325 1 461 0.0210350181128461 0.11324494453253 1.64023186042458 0.852642411342379 77.9762513930465 84.9060970297951
1 36 mog_35  D d 860 0.932754880694143 1 461 0.14277958658316 0.137668687122541 7.53348240983532 0.299677776568357 52.7630215923586 57.4521363988712
1 37 mog_36  D d 751 0.814533622559653 1 461 0.055009173241587 0.093904557672632 6.23823563386117 0.558010758562856 113.403551921501 123.481865452037
1 38 mog_37  D d 832 0.902386117136659 1 461 0.0754587295779983 0.116650032483438 5.54548788719699 0.517708742077706 73.4903425781225 80.0215199655953
1 39 mog_38  D d 893 0.968546637744035 1 461 -0.125998874871681 0.193736024149294 -3.35695795010732 0.51545732801417 26.6427613224807 29.0105363822343
1 40 mog_39  D d 819 0.888286334056399 1 461 -0.0319586593030012 0.10954454144587 -2.66322015255973 0.770484482559321 83.3332877737342 90.7392198409717
1 41 mog_40  D d 906 0.982646420824295 1 461 -0.564889744914871 0.266710485557429 -7.94115202989372 0.0341760404690216 14.0578796152344 15.3072207155461
1 42 mog_41  D d 794 0.86117136659436 1 461 0.0769164101668407 0.100295395390733 7.64640006867257 0.443141735837435 99.4118166992796 108.246667463293
1 43 mog_42  D d 728 0.789587852494577 1 461 -0.0479160015440846 0.0837716843195207 -6.82788307330411 0.567333311980777 142.496929069138 155.160806910384
1 44 mog_43  D d 867 0.940347071583514 1 461 -0.0189699508990227 0.14745719074486 -0.872437441070176 0.897636836844543 45.9904954796232 50.0777275373032
1 45 mog_44  D d 808 0.876355748373102 1 461 0.0743782001151366 0.105651240496418 6.66340888075953 0.481434383942684 89.5881974885739 97.5500110969379
1 46 mog_45  D d 713 0.773318872017354 1 461 0.00267544674174232 0.0831405256373671 0.387053303383268 0.974328653064185 144.668663122484 157.525545647655
1 47 mog_46  D d 701 0.760303687635575 1 461 0.0266150019844161 0.081416827616403 4.01511649504037 0.743744997874015 150.859146934926 164.266185391815
1 48 mog_47  D d 706 0.765726681127983 1 461 0.0365106818182679 0.080712329833051 5.60454261426461 0.651012761132009 153.504189326325 167.146295962917
1 49 mog_48  D d 887 0.962039045553145 1 461 -0.0988642282265614 0.184641429041205 -2.89988566395494 0.592346305151716 29.3320012301056 31.9387723573424
1 50 mog_49  D d 648 0.702819956616052 1 461 -0.044903619185827 0.0779740316599937 -7.38552488782116 0.564696868500338 164.475047261942 179.092147574664
2 51 inf_0  D d 806 0.874186550976139 1 461 0.0248189465914079 0.101535154853083 2.40741229094795 0.80689240450467 96.9989714140959 105.619389641626
2 52 inf_1  D d 827 0.896963123644252 1 461 0.087726496546349 0.116696336478964 6.44193504303905 0.452201283710787 73.4320336118239 79.9580290095438
2 53 inf_2  D d 794 0.86117136659436 1 461 0.139017287737079 0.0988995397812747 14.2128204532034 0.159830635448061 102.237791317609 111.323789931493
2 54 inf_3  D d 768 0.832971800433839 1 461 -0.0732390212529254 0.0913808411905287 -8.77065905296165 0.422859487977963 119.753908543819 130.396586099873
2 55 inf_4  D d 809 0.877440347071583 1 461 0.0176487999840368 0.104913344756867 1.60344369816835 0.866408129418474 90.8528454976344 98.9270499343729
2 56 inf_5  D d 685 0.74295010845987 1 461 0.0718287216144481 0.0836562309481139 10.2636432732812 0.390551462911391 142.890518480517 155.589375098204
2 57 inf_6  D d 657 0.712581344902386 1 461 0.039744275404778 0.077828938085504 6.56133744529538 0.609587805638798 165.088868232495 179.760519571953
2 58 inf_7  D d 742 0.804772234273319 1 461 0.0661903786396421 0.0873760513642454 8.66981911339166 0.44872966877392 130.983071733015 142.623698871676
2 59 inf_8  D d 765 0.829718004338395 1 461 0.0654526539480564 0.0920518887050132 7.72434838925939 0.47705891712834 118.014288548016 128.502363929406
2 60 inf_9  D d 791 0.857917570498915 1 461 -0.0540564731448754 0.095677911230526 -5.90506029065711 0.572084759749286 109.238726596741 118.946906963794
2 61 inf_10  D d 749 0.81236442516269 1 461 -0.0130569197649786 0.0877372227485411 -1.69618402760625 0.881696871361641 129.906904395306 141.451891215326
2 62 inf_11  D d 670 0.726681127982646 1 461 0.0919345816325287 0.075320108842785 16.205298167898 0.222243256022933 176.269885391682 191.935207516677
2 63 inf_12  D d 810 0.878524945770065 1 461 -0.0336321479168099 0.10626009090409 -2.97861408069486 0.751617103446962 88.5644915710572 96.4353271718986
2 64 inf_13  D d 644 0.698481561822126 1 461 0.043775161555066 0.0738415383576552 8.02834978365318 0.553297807433815 183.399660868278 199.698614933702
2 65 inf_14  D d 767 0.831887201735358 1 461 -0.0151679210358915 0.0975667257332307 -1.59339187319797 0.876457087305664 105.050116586681 114.386050015933
2 66 inf_15  D d 713 0.773318872017354 1 461 -0.0988301864855817 0.0858274411236509 -13.4164397813797 0.24952713164554 135.752448300166 147.81693581687
2 67 inf_16  D d 744 0.806941431670282 1 461 0.0260187836628011 0.0920609185964126 3.06998590867915 0.77746375994964 117.991138573795 128.477156588422
2 68 inf_17  D d 741 0.803687635574837 1 461 0.0205194756789175 0.0871571614678196 2.70122091618789 0.813874423558021 131.641809881294 143.340979891677
2 69 inf_18  D d 703 0.762472885032538 1 461 -0.0451798947290854 0.0799959230209084 -7.06007812785633 0.572225135658429 156.265926917073 170.153472579666
2 70 inf_19  D d 762 0.82646420824295 1 461 0.0220328607567653 0.0923716180723156 2.58222325136988 0.811474594594621 117.198727840051 127.614323335416
2 71 inf_20  D d 754 0.817787418655098 1 461 0.00425996475060527 0.0874880683337891 0.556555334799143 0.961164790310776 130.647873252957 142.258710889264
2 72 inf_21  D d 712 0.772234273318872 1 461 0.0594748594099033 0.082002393381251 8.84464421593013 0.46827904958951 148.712318174179 161.928565311215
2 73 inf_22  D d 797 0.864425162689805 1 461 0.0607750957894319 0.0995529474427887 6.13221547513499 0.541543805315107 100.900136733331 109.867256334456
2 74 inf_23  D d 773 0.838394793926247 1 461 0.086426751367539 0.0949588262618385 9.58467768982551 0.362743544010959 110.899432619718 120.755201979338
2 75 inf_24  D d 725 0.786334056399132 1 461 -0.0760107027329563 0.0873866280070957 -9.95370544259838 0.384398367347854 130.951367172175 142.58917668741
2 76 inf_25  D d 821 0.890455531453362 1 461 -0.0467398842669285 0.109169622306884 -3.92178713137173 0.668549181731254 83.90665045242 91.3635379680943
2 77 inf_26  D d 821 0.890455531453362 1 461 -0.0425838500155575 0.112055037640337 -3.39142448964941 0.703925967644777 79.6410960589612 86.7188984945792
2 78 inf_27  D d 660 0.715835140997831 1 461 -0.0567657651228053 0.0778280490900765 -9.37161001033061 0.46577284174641 165.092639728476 179.764626245434
2 79 inf_28  D d 769 0.834056399132321 1 461 0.137232352125534 0.0945447428795676 15.3525930022404 0.146638746170032 111.872985957397 121.815276202912
2 80 inf_29  D d 812 0.880694143167028 1 461 -0.0975972926576977 0.108454134064463 -8.29746727524202 0.368176329081555 85.0173918690928 92.5729923444487
2 81 inf_30  D d 697 0.755965292841649 1 461 -0.0775943030767225 0.0824514731377101 -11.4138719998272 0.346658452442675 147.096778336182 160.169450455218
2 82 inf_31  D d 791 0.857917570498915 1 461 0.0583891714076462 0.0970700451751227 6.19671965604189 0.547496453501965 106.127891639004 115.559608266478
2 83 inf_32  D d 712 0.772234273318872 1 461 0.0784210782645569 0.079671036420875 12.3546906558893 0.324962618093368 157.542983714279 171.544022989554
2 84 inf_33  D d 719 0.779826464208243 1 461 -0.0248167987335075 0.0824125554684077 -3.65391967930795 0.76331623602922 147.235738120181 160.320759766612
2 85 inf_34  D d 679 0.73644251626898 1 461 -0.0471239462449908 0.0778029639144365 -7.78483421454449 0.544725158311552 165.199114990757 179.8805640956
2 86 inf_35  D d 824 0.893709327548807 1 461 0.044073949945136 0.112768512669361 3.46582211983268 0.695918754601501 78.6365216674928 85.6250463379049
2 87 inf_36  D d 700 0.759219088937093 1 461 0.0692917107394897 0.0832156380650159 10.0062509081357 0.405027171067075 144.40761818907 157.241301329037
2 88 inf_37  D d 743 0.8058568329718 1 461 -0.0707304405475001 0.0898490906362524 -8.76151060919956 0.431156743087679 123.871851233779 134.880495435735
2 89 inf_38  D d 744 0.806941431670282 1 461 0.0187070092039649 0.0869516525230526 2.47427905885174 0.829656100173724 132.264812182127 144.019349175392
2 90 inf_39  D d 717 0.77765726681128 1 461 0.0146723941860822 0.0809051258072375 2.24155247945496 0.85609044066954 152.773463623355 166.350629765452
2 91 inf_40  D d 751 0.814533622559653 1 461 -0.00855351246299344 0.0933097003538465 -0.982405766368194 0.92696183239674 114.854075517929 125.061298869547
2 92 inf_41  D d 698 0.75704989154013 1 461 -0.0339618647910936 0.080123781431672 -5.29015812510668 0.671662466793142 155.76759867715 169.610857294426
2 93 inf_42  D d 701 0.760303687635575 1 461 0.00650106847331648 0.0801623364009757 1.01168196296024 0.935363388082828 155.617798383861 169.44774406431
2 94 inf_43  D d 801 0.868763557483731 1 461 0.259111113861918 0.105330534281275 23.3548706885146 0.0138944368351889 90.1345771720182 98.1449482167513
2 95 inf_44  D d 784 0.850325379609544 1 461 0.0169496374406818 0.0960782859679609 1.83615745200226 0.85996803056392 108.33019044969 117.957628088772
2 96 inf_45  D d 821 0.890455531453362 1 461 0.0246368477386685 0.107269193407009 2.14109091856736 0.818345802478584 86.9060417663266 94.6294888874994
2 97 inf_46  D d 778 0.843817787418655 1 461 -0.0187288497381094 0.096721412625182 -2.00200816185026 0.846460079638467 106.894346948418 116.394179404581
2 98 inf_47  D d 669 0.725596529284165 1 461 -0.0170194423633462 0.0766984150320513 -2.89316063738022 0.82439108025088 169.991505926837 185.098860725075
2 99 inf_48  D d 811 0.879609544468547 1 461 -0.0030842863409072 0.106890337745567 -0.269946556506702 0.9769804917954 87.5231825678355 95.3014757532162
2 100 inf_49  D d 737 0.799349240780911 1 461 0.00891012697143722 0.0842838869592737 1.25428081917315 0.915807952890622 140.770252005829 153.280677926785
2 101 inf_50  D d 752 0.815618221258134 1 461 -0.0438415943114847 0.0890479212599942 -5.52890041422089 0.622481065096902 126.110842934664 137.318469090637
2 102 inf_51  D d 710 0.770065075921909 1 461 -0.0414768239310933 0.0850435869477373 -5.73485384417687 0.625753467111046 138.266465477308 150.554376801319
2 103 inf_52  D d 686 0.744034707158351 1 461 0.0858864372466616 0.0792166440267185 13.6864781391732 0.278277520620374 159.355523152815 173.517645043568
2 104 inf_53  D d 791 0.857917570498915 1 461 -0.0299394027198229 0.101404368186789 -2.91158722476039 0.767804694144411 97.2493423468542 105.892011347984
2 105 inf_54  D d 751 0.814533622559653 1 461 -0.149359882854871 0.0937801959132487 -16.9828937668201 0.111236686496851 113.704519863087 123.809580785804
2 106 inf_55  D d 758 0.822125813449024 1 461 -0.0313201393789795 0.0874873854566995 -4.09197347836697 0.720346261348578 130.649912787849 142.260931680138
2 107 inf_56  D d 707 0.766811279826464 1 461 0.0856199440898588 0.082530238867498 12.5703895285919 0.299532125534131 146.81613801802 159.86386928584
2 108 inf_57  D d 721 0.781995661605206 1 461 -0.0400426556810329 0.0818724438592532 -5.97375441557533 0.624780902506289 149.18477093928 162.44300553627
2 109 inf_58  D d 698 0.75704989154013 1 461 0.124712345005964 0.0835431215580432 17.8684980259977 0.135492138867027 143.277700576821 156.010966544954
2 110 inf_59  D d 676 0.733188720173536 1 461 0.0740423716766037 0.0770748923293011 12.4639146940929 0.336725723315128 168.334892735902 183.295022276605
2 111 inf_60  D d 747 0.810195227765727 1 461 0.00133214816185425 0.0864829609452529 0.178111281877383 0.987710198536026 133.702306528327 145.584595417135
2 112 inf_61  D d 783 0.849240780911063 1 461 -0.077966020649212 0.0958191107789842 -8.49182618435758 0.415828733550673 108.917014279392 118.596603676004
2 113 inf_62  D d 786 0.852494577006508 1 461 0.16044592484584 0.0950606352558007 17.7552694137056 0.0914444066260881 110.662015447044 120.4966852497
2 114 inf_63  D d 730 0.79175704989154 1 461 -0.0910967535407477 0.0838923665246722 -12.9436871919837 0.277533612957943 142.08724997202 154.71471912661
2 115 inf_64  D d 713 0.773318872017354 1 461 0.0567408510524951 0.0827951253772231 8.27725451094444 0.493144332422594 145.878222786728 158.842600371124
2 116 inf_65  D d 639 0.693058568329718 1 461 -0.0443225659700363 0.0740480179736409 -8.08347349036685 0.549462874673709 182.378283239097 198.586466214855
2 117 inf_66  D d 742 0.804772234273319 1 461 -0.0470754486398324 0.0841269362435176 -6.65157238682677 0.575768401788486 141.295995662559 153.853145070738
2 118 inf_67  D d 738 0.800433839479393 1 461 0.135198350347202 0.0853052124168545 18.5789110309081 0.112994066839211 137.419657733956 149.632312209369
2 119 inf_68  D d 665 0.721258134490239 1 461 0.0826041638669496 0.0758492941332129 14.3581621137848 0.276128988013101 173.818866285136 189.266363319061
2 120 inf_69  D d 682 0.739696312364425 1 461 0.00960978679068782 0.0784780913028194 1.5603315445265 0.902541183868859 162.369007607797 176.798941578879
2 121 inf_70  D d 689 0.747288503253796 1 461 -0.115733741750723 0.0786766215637359 -18.6968562497313 0.141289633905943 161.55060716867 175.907808883316
2 122 inf_71  D d 746 0.809110629067245 1 461 0.0210512689881792 0.0882196222275885 2.70487931765561 0.81139759415615 128.49008386024 139.909156091811
2 123 inf_72  D d 809 0.877440347071583 1 461 -0.0344315116274961 0.106456917687836 -3.0381437204262 0.746368540471164 88.2373028897174 96.0790608288955
2 124 inf_73  D d 681 0.738611713665944 1 461 -0.116333025207898 0.0764854056706417 -19.8859284730035 0.128264026589885 170.939665993087 186.131284945869
2 125 inf_74  D d 798 0.865509761388286 1 461 -0.018638178317268 0.102042506785378 -1.78995133865326 0.855071769753037 96.0368179863856 104.571728452081
2 126 inf_75  D d 740 0.802603036876356 1 461 0.0479900937832569 0.0867774663891259 6.37290825775793 0.580246406382386 132.796328478553 144.59810198065
2 127 inf_76  D d 767 0.831887201735358 1 461 0.0575696295462217 0.0921714504961944 6.77642429474887 0.532238309351635 117.708318572872 128.169202025189
2 128 inf_77  D d 771 0.836225596529284 1 461 0.092843695640517 0.0966486806265151 9.93940894988094 0.336737856069841 107.055292029364 116.569427873379
2 129 inf_78  D d 721 0.781995661605206 1 461 -0.0472208174796724 0.0812150299875774 -7.15913716351646 0.560950993624075 151.609767590286 165.083514630628
2 130 inf_79  D d 819 0.888286334056399 1 461 0.181804434220856 0.112014038433133 14.4897055888347 0.104578623038891 79.6994069530376 86.7823915497326
2 131 inf_80  D d 710 0.770065075921909 1 461 0.0601944978224395 0.0817256047458115 9.01240105693997 0.461399745331138 149.721343029135 163.027263449555
2 132 inf_81  D d 652 0.707158351409978 1 461 0.00122893978700773 0.0776355370205605 0.203896364285082 0.987370331025577 165.912412016164 180.657252707431
2 133 inf_82  D d 694 0.752711496746204 1 461 -0.112414912335174 0.0790233068214821 -18.0017003196321 0.154865519533142 160.136230555947 174.367734876537
2 134 inf_83  D d 741 0.803687635574837 1 461 -0.0419693641046743 0.0853223165410604 -5.76510355427949 0.622795700852769 137.364567637979 149.572326188614
2 135 inf_84  D d 688 0.746203904555314 1 461 -0.0391902915545575 0.0787416063048355 -6.32076951747363 0.61869018941964 161.284064668781 175.617578422709
2 136 inf_85  D d 675 0.732104121475054 1 461 -0.0448212338424875 0.0755125790343184 -7.86041002889774 0.552806552695367 175.37245977032 190.958026573466
2 137 inf_86  D d 743 0.8058568329718 1 461 0.0721414537475319 0.0878845967247591 9.34026850829789 0.411722752659648 129.471587043218 140.977886673241
2 138 inf_87  D d 696 0.754880694143167 1 461 -0.0559966566265402 0.0815017959882995 -8.43000319904394 0.492044666762038 150.544759399947 163.923857848838
2 139 inf_88  D d 791 0.857917570498915 1 461 -0.0576071692609625 0.101928235540966 -5.54482089610439 0.571955548388923 96.2522715008988 104.806329586168
2 140 inf_89  D d 654 0.709327548806941 1 461 -0.102872509470887 0.0738125061674356 -18.8816277653464 0.163408135919544 183.543960018686 199.855738127584
2 141 inf_90  D d 821 0.890455531453362 1 461 0.0888180758290534 0.109689230253164 7.38198881217341 0.418098435631576 83.1135863197645 90.4999932478091
2 142 inf_91  D d 663 0.719088937093275 1 461 0.183262578363048 0.0786718215198055 29.609793670048 0.019834900043989 161.570321309079 175.929275043699
2 143 inf_92  D d 746 0.809110629067245 1 461 -0.128000467679507 0.0872453660992839 -16.8161594901281 0.142340153030709 131.375766002927 143.051292365702
2 144 inf_93  D d 698 0.75704989154013 1 461 -0.191494899072399 0.0793272179768843 -30.430757449467 0.0157790110686606 158.911582485348 173.03425082143
2 145 inf_94  D d 743 0.8058568329718 1 461 -0.0773652137537019 0.0874222594100712 -10.1228237814336 0.376178137182576 130.844643093217 142.472967907923
2 146 inf_95  D d 726 0.787418655097614 1 461 0.0147984239914939 0.0816940574209326 2.21735144700067 0.856254206266836 149.836999417991 163.15319836434
2 147 inf_96  D d 743 0.8058568329718 1 461 -0.0355234982736752 0.0865237145006951 -4.74510051319695 0.68139246950715 133.576385879578 145.447484045022
2 148 inf_97  D d 753 0.816702819956616 1 461 0.0308947261794968 0.0897948941629841 3.83160794043675 0.730802044129423 124.021424180143 135.043361114326
2 149 inf_98  D d 701 0.760303687635575 1 461 0.0611346541805796 0.084126153493332 8.63824257841329 0.467408453808954 141.298625046568 153.856008131347
2 150 inf_99  D d 724 0.785249457700651 1 461 0.0414627130306205 0.083767966372088 5.90883375676649 0.620620600171819 142.509578483269 155.174580493551
2 151 inf_100  D d 666 0.72234273318872 1 461 -0.101265149938682 0.0786952567490638 -16.3516994793825 0.198163592486917 161.474105250264 175.824508145064
2 152 inf_101  D d 822 0.891540130151844 1 461 -0.0037526880284101 0.112606439433917 -0.295948408475345 0.973414862266222 78.8630459646094 85.8717021287
2 153 inf_102  D d 808 0.876355748373102 1 461 -0.0571369460178993 0.10629281630624 -5.05718912338873 0.590892677604248 88.5099655449641 96.3759553506145
2 154 inf_103  D d 627 0.680043383947939 1 461 0.0307205287627466 0.0742621673601658 5.570490608529 0.67911088889456 181.327953419997 197.442792289261
2 155 inf_104  D d 714 0.774403470715835 1 461 0.000642150732013825 0.079626962652414 0.101278365072215 0.993565538806112 157.717433031026 171.733975832245
2 156 inf_105  D d 820 0.889370932754881 1 461 0.114217452470333 0.108453089871121 9.71065690192076 0.292271908363581 85.0190289828347 92.5747749505082
2 157 inf_106  D d 709 0.768980477223427 1 461 -0.120983705299743 0.0823160020180091 -17.8549378562876 0.141630261006452 147.581344215332 160.697080301708
2 158 inf_107  D d 754 0.817787418655098 1 461 0.2226670636868 0.094011734409088 25.193694114129 0.0178602413394031 113.145131107338 123.200478461385
2 159 inf_108  D d 755 0.818872017353579 1 461 -0.0286484325683075 0.0907331512222905 -3.47991692751538 0.752196956562942 121.469714589728 132.264877945347
2 160 inf_109  D d 794 0.86117136659436 1 461 0.0134562328324478 0.0970837852232219 1.42767742220551 0.889762822898461 106.09785368479 115.526900802224
2 161 inf_110  D d 684 0.741865509761388 1 461 0.0372134299281107 0.0762702565645703 6.39719053156779 0.625609792051186 171.905426184202 187.18287343633
2 162 inf_111  D d 784 0.850325379609544 1 461 0.00711616836770045 0.100356688828056 0.706567353704516 0.943470371414672 99.2904210799104 108.114483265502
2 163 inf_112  D d 810 0.878524945770065 1 461 -0.157916286583584 0.104268332103177 -14.5251982915283 0.129894461535756 91.9803688762669 100.154777706345
2 164 inf_113  D d 783 0.849240780911063 1 461 -0.136577180975046 0.100346009390723 -13.563692410651 0.17349396878484 99.3115563948357 108.137496901933
2 165 inf_114  D d 761 0.825379609544469 1 461 0.160103779350806 0.0927758615551032 18.6007986521758 0.0844004763663976 116.179635031721 126.504662492267
2 166 inf_115  D d 712 0.772234273318872 1 461 0.0107327868042092 0.0813904820472982 1.6201874407107 0.895088828933364 150.956826988802 164.372546392557
2 167 inf_116  D d 831 0.901301518438178 1 461 -0.139319876567809 0.113601301015234 -10.7955921965896 0.220050699058987 77.4878105159329 84.3742478094923
2 168 inf_117  D d 772 0.837310195227766 1 461 0.0398325148996803 0.0942884253115301 4.48044305306818 0.672693728090921 112.482053025081 122.478471812121
2 169 inf_118  D d 718 0.778741865509761 1 461 0.00867985533228616 0.0844218753239126 1.21787438536589 0.918109609976104 140.310447437505 152.780009959355
2 170 inf_119  D d 795 0.862255965292842 1 461 -0.0295848978903178 0.0967214541504699 -3.16245562405402 0.759698065044736 106.894255162834 116.394079461899
2 171 inf_120  D d 783 0.849240780911063 1 461 -0.0969236651838123 0.096117789203563 -10.491130336858 0.313270029031142 108.241163981593 117.86068972865
2 172 inf_121  D d 705 0.764642082429501 1 461 0.111453548545914 0.0828231933133811 16.2476276738055 0.178405607552825 145.779366254205 158.734958336626
2 173 inf_122  D d 768 0.832971800433839 1 461 -0.0648250349204707 0.0919348533349897 -7.66977077113911 0.480736027249718 118.314950089092 128.829745632471
2 174 inf_123  D d 658 0.713665943600868 1 461 0.0268169480005646 0.0749463928235478 4.77427993433012 0.720481719963774 178.032188235201 193.854128387515
2 175 inf_124  D d 672 0.72885032537961 1 461 0.0845492004955232 0.076164000440991 14.5750485966958 0.266958519126656 172.385410048526 187.705514058686
2 176 inf_125  D d 638 0.691973969631236 1 461 -0.0253664433202296 0.0732269957454173 -4.73060998837285 0.729035845116298 186.490866246125 203.064539546153
2 177 inf_126  D d 701 0.760303687635575 1 461 0.0706583868906063 0.0767999522565549 11.9795862395553 0.357556219392884 169.542311489536 184.609745824098
2 178 inf_127  D d 721 0.781995661605206 1 461 -0.0241182082609676 0.0843492432779868 -3.38986700221547 0.774929655258676 140.552190508345 153.043237035065
2 179 inf_128  D d 672 0.72885032537961 1 461 -0.100856516332785 0.0793207055498337 -16.0299004796065 0.203549755189497 158.93767762823 173.062665071845
2 180 inf_129  D d 674 0.731019522776573 1 461 -0.0344797531991084 0.0752881728396756 -6.08289939458355 0.646973720891028 176.419458673528 192.098073560565
2 181 inf_130  D d 679 0.73644251626898 1 461 0.00115618308723987 0.0782548221335254 0.188801045476347 0.988212009831121 163.296840751292 177.80923239822
2 182 inf_131  D d 715 0.775488069414317 1 461 -0.0335195300081807 0.0863443467329305 -4.49603935910002 0.69786242318169 134.131933174562 146.052403513321
2 183 inf_132  D d 666 0.72234273318872 1 461 -0.0442907414628882 0.0781905136349231 -7.24443998127539 0.571090303498306 163.565561153353 178.10183431385
2 184 inf_133  D d 704 0.76355748373102 1 461 -0.0569052249037607 0.0776597042286664 -9.43540789939015 0.463710320148379 165.809166299712 180.544831416815
2 185 inf_134  D d 738 0.800433839479393 1 461 0.076628393813835 0.0879825483055837 9.89912137559402 0.383781495517554 129.183464286665 140.664158091943
2 186 inf_135  D d 810 0.878524945770065 1 461 0.072166137942806 0.108038933052538 6.18262478951035 0.504156454012687 85.6721028137918 93.2858882583198
2 187 inf_136  D d 715 0.775488069414317 1 461 -0.0529087558514376 0.0823941302377891 -7.79354418493537 0.520780796539344 147.301596106679 160.3924706336
2 188 inf_137  D d 664 0.720173535791757 1 461 -0.0058560309087736 0.0772811627321436 -0.980519116128852 0.939597583031121 167.437489897778 182.317866141406
2 189 inf_138  D d 765 0.829718004338395 1 461 -0.035043033429868 0.0909290283458202 -4.23834780175444 0.699949344160531 120.946943997776 131.695648086106
2 190 inf_139  D d 760 0.824295010845987 1 461 0.0339410044230944 0.0923796747691508 3.97714873210423 0.713314924095061 117.178286255962 127.592065082536
2 191 inf_140  D d 665 0.721258134490239 1 461 -0.0819589213482616 0.0777172427807011 -13.5694256291035 0.291618211565758 165.563741028801 180.277594899372
2 192 inf_141  D d 655 0.710412147505423 1 461 0.089218460347383 0.0757979450998814 15.5288702180857 0.2391729749374 174.054451933178 189.522885754214
2 193 inf_142  D d 759 0.823210412147505 1 461 0.00944696870942223 0.0909215574958588 1.1427697707029 0.917246796612356 120.966820771104 131.717291332795
2 194 inf_143  D d 766 0.830802603036876 1 461 -0.0333495184708917 0.0949338549892898 -3.70038859915344 0.725369180031463 110.957781965675 120.818736903638
2 195 inf_144  D d 632 0.685466377440347 1 461 0.0154055922202312 0.0713289559346077 3.02793580695316 0.829003727279637 196.54783559549 214.015284165803
2 196 inf_145  D d 695 0.753796095444686 1 461 -0.0580924110141247 0.0782747194316918 -9.48148499747731 0.457990050407848 163.213831754581 177.718846289588
2 197 inf_146  D d 801 0.868763557483731 1 461 -0.111171864137614 0.104499323118263 -10.1804724568492 0.287395532592441 91.5741814335984 99.7124918846576
2 198 inf_147  D d 697 0.755965292841649 1 461 -0.0654571026775334 0.0803661489821637 -10.1346898360433 0.415366593104492 154.829490177263 168.589377935096
2 199 inf_148  D d 689 0.747288503253796 1 461 -0.120261256628576 0.0779916590880881 -19.7710356630377 0.12307945662457 164.400707404048 179.011201041909
2 200 inf_149  D d 743 0.8058568329718 1 461 0.0233337054165826 0.0872313294021126 3.06647005740368 0.789090173003556 131.418049669232 143.097333833584
2 201 inf_150  D d 715 0.775488069414317 1 461 0.0823383620264191 0.084846186182132 11.4376702588543 0.331825873207281 138.910587694038 151.255742953907
2 202 inf_151  D d 782 0.848156182212581 1 461 -0.144765465060628 0.0966969890497402 -15.4824279414408 0.134366156164951 106.948352184388 116.452984152482
2 203 inf_152  D d 807 0.87527114967462 1 461 0.0306482996568546 0.107373232143913 2.65836329822931 0.775309318508997 86.7377090407284 94.4461962249567
2 204 inf_153  D d 766 0.830802603036876 1 461 0.0170699946832667 0.0894345385820602 2.13413969853388 0.848630735816185 125.022868380031 136.133804895433
2 205 inf_154  D d 693 0.751626898047722 1 461 0.02206955689323 0.0810713862235339 3.35782776307751 0.785449980196565 152.147493459987 165.669028861597
2 206 inf_155  D d 770 0.835140997830803 1 461 0.0299155446638793 0.0907488615046784 3.63257461565396 0.741662918396462 121.427660985896 132.219086985873
2 207 inf_156  D d 726 0.787418655097614 1 461 -0.0415236226166329 0.0866167632391303 -5.5346649341874 0.631657818967478 133.289549066714 145.135155690816
2 208 inf_157  D d 690 0.748373101952278 1 461 -0.0357133473762446 0.0778886149011409 -5.88684493785588 0.646580191139414 164.835989072579 179.485166729196
2 209 inf_158  D d 682 0.739696312364425 1 461 -0.00932495259656795 0.0787963936970089 -1.50187555931661 0.905796380623623 161.059859957827 175.373448362561
2 210 inf_159  D d 657 0.712581344902386 1 461 -0.101673607920785 0.0769073367598812 -17.1898738757921 0.186159020734463 169.069183511073 184.094570378636
2 211 inf_160  D d 737 0.799349240780911 1 461 -0.0234536449647596 0.0861540982103752 -3.15979177813984 0.785445936198144 134.724976987057 146.698151860889
2 212 inf_161  D d 760 0.824295010845987 1 461 -0.0221001734007608 0.0921318527905093 -2.60361084112599 0.810426781763416 117.809520944137 128.27939837601
2 213 inf_162  D d 716 0.776572668112798 1 461 -0.0753651099886542 0.0832846519344311 -10.8652666035229 0.365513096786055 144.168390454928 156.9808131311
2 214 inf_163  D d 690 0.748373101952278 1 461 -0.121231247456314 0.0777679277175457 -20.0453443455639 0.119023627200656 165.348000339494 180.042681068913
2 215 inf_164  D d 770 0.835140997830803 1 461 -0.120312175924897 0.0910210050651768 -14.5219965052149 0.18623252090292 120.702633740745 131.429625675201
2 216 inf_165  D d 827 0.896963123644252 1 461 0.0312713497622239 0.112333296030228 2.47816160026043 0.780720624105323 79.2470302402512 86.289811560522
2 217 inf_166  D d 746 0.809110629067245 1 461 0.0794604211663919 0.0881339409282912 10.2297373286007 0.367276264545463 128.740034075321 140.181319690794
2 218 inf_167  D d 709 0.768980477223427 1 461 0.112305966388173 0.0832305033350054 16.2120445027288 0.17722886705374 144.356039346063 157.185138610635
2 219 inf_168  D d 742 0.804772234273319 1 461 0.0242321652630802 0.0869253766471673 3.20700073829033 0.780421532755301 132.344786504757 144.106430914714
2 220 inf_169  D d 682 0.739696312364425 1 461 0.189290081564816 0.0786451809618685 30.6043828509792 0.0160891372412052 161.679801698959 176.048485090859
2 221 inf_170  D d 786 0.852494577006508 1 461 -0.00401223913445524 0.096451558747598 -0.431288927202103 0.966818777565599 107.493325484614 117.046389902065
2 222 inf_171  D d 678 0.735357917570499 1 461 -0.070335254199686 0.0770025291757452 -11.8621409853533 0.36102439449064 168.651426945526 183.63968727185
2 223 inf_172  D d 686 0.744034707158351 1 461 -0.111488097921792 0.0773927755661606 -18.61348363104 0.149712091854799 166.954894540378 181.792381939363
2 224 inf_173  D d 785 0.851409978308026 1 461 -0.0923473957733793 0.0984527415849377 -9.52728208539642 0.348251069783028 103.167847946426 112.33650184004
2 225 inf_174  D d 784 0.850325379609544 1 461 0.0658277267887438 0.0972483195818537 6.96056745807498 0.498467190510279 105.739143634916 115.136311747787
2 226 inf_175  D d 638 0.691973969631236 1 461 0.0751503345107025 0.0746192361197706 13.4967536317466 0.313878338343999 179.596720621709 195.557702696896
2 227 inf_176  D d 656 0.711496746203905 1 461 0.00238287487963186 0.0736198742420894 0.439654068533227 0.974179157791241 184.505729734811 200.902981504623
2 228 inf_177  D d 685 0.74295010845987 1 461 -0.100309307795631 0.0760923163890498 -17.324456682151 0.187417282452224 172.710360213507 188.059342945621
2 229 inf_178  D d 769 0.834056399132321 1 461 -0.110175149823051 0.0957608992868842 -12.0145419473724 0.249928386184178 109.04947228725 118.740833390394
2 230 inf_179  D d 759 0.823210412147505 1 461 -0.0989090182106495 0.0905906889734344 -12.0522675961621 0.274910808510972 121.85205974337 132.681202584375
2 231 inf_180  D d 815 0.883947939262473 1 461 0.153992877771864 0.112509337381397 12.16531898951 0.171089324477563 78.9992314289532 86.0199905632304
2 232 inf_181  D d 651 0.706073752711497 1 461 0.0214268616061924 0.0740398555149606 3.90865590510288 0.772278111964013 182.418497722189 198.630254608659
2 233 inf_182  D d 727 0.788503253796095 1 461 -0.0112126174150006 0.0823731654259734 -1.65247726543131 0.891726588397598 147.376585169184 160.47412406658
2 234 inf_183  D d 811 0.879609544468547 1 461 -0.0820545222899758 0.106531870577385 -7.23008521212377 0.441160801069825 88.113183897081 95.943911228296
2 235 inf_184  D d 714 0.774403470715835 1 461 0.122744541048692 0.0817822812272064 18.352014566186 0.13338928818596 149.513896173239 162.801380535713
2 236 inf_185  D d 694 0.752711496746204 1 461 0.106737605740802 0.0762357084327012 18.3654077910331 0.161483412914903 172.06126803735 187.352565147183
2 237 inf_186  D d 651 0.706073752711497 1 461 0.0221526499911402 0.0777201990769856 3.66739659177834 0.775620550439063 165.5511459462 180.263880476246
2 238 inf_187  D d 732 0.793926247288503 1 461 -0.0120532801635786 0.0866813805690444 -1.60418190023827 0.889408503518448 133.090899611347 144.918852013338
2 239 inf_188  D d 735 0.797180043383948 1 461 0.00588636180808426 0.0889705800248484 0.743625217517447 0.947249831765042 126.330192020504 137.55731200028
2 240 inf_189  D d 777 0.842733188720174 1 461 0.224737392102327 0.0964262779388154 24.1704385498098 0.0197710086561064 107.549697554578 117.107771827416
2 241 inf_190  D d 768 0.832971800433839 1 461 0.0598289358689869 0.0908552564200775 7.24788279194958 0.51021159783573 121.143434805877 131.909601274673
2 242 inf_191  D d 759 0.823210412147505 1 461 0.0606272047580581 0.0928895772089691 7.02641137835134 0.513962352304487 115.895354344494 126.195117429736
2 243 inf_192  D d 744 0.806941431670282 1 461 -0.0298139175406609 0.0889943068135941 -3.7643898754058 0.737618095296374 126.262839168044 137.483973416749
2 244 inf_193  D d 672 0.72885032537961 1 461 -0.0405096165752695 0.0772747535550471 -6.78395369992468 0.600119724605843 167.465265619576 182.348110325858
2 245 inf_194  D d 760 0.824295010845987 1 461 0.0046209335483468 0.0913777063615849 0.553412822649543 0.959668491963055 119.762125306375 130.405533096252
2 246 inf_195  D d 822 0.891540130151844 1 461 0.0117813589028131 0.110548892232152 0.964021225799055 0.915128946472283 81.8259789682555 89.0979546428443
2 247 inf_196  D d 677 0.734273318872017 1 461 -0.0473126687428892 0.0775889590495139 -7.85918650647304 0.542003510440777 166.111671890295 180.874221052342
2 248 inf_197  D d 669 0.725596529284165 1 461 -0.0164985687926006 0.0752717061420926 -2.91194221033264 0.826504492104329 176.496655372835 192.182130825752
2 249 inf_198  D d 731 0.792841648590022 1 461 -0.114794079886555 0.0867292688067637 -15.2611802356619 0.185638914814425 132.943965845135 144.758860062095
2 250 inf_199  D d 788 0.854663774403471 1 461 -0.0569323375893399 0.0967313883333775 -6.08448989096101 0.556155698779043 106.872300499045 116.37017366006
2 251 inf_200  D d 700 0.759219088937093 1 461 -0.0110976885938415 0.0786081095191439 -1.79596484119044 0.887729798696629 161.832333463301 176.214572541231
2 252 inf_201  D d 720 0.780911062906725 1 461 -0.0761224175125899 0.081387021117705 -11.4921759425371 0.349626519901852 150.969665941527 164.386526358846
2 253 inf_202  D d 827 0.896963123644252 1 461 -0.0621139051824292 0.11319903021651 -4.84733932365541 0.583201661048729 78.0395196440912 84.9749880083449
2 254 inf_203  D d 802 0.869848156182213 1 461 0.237950815389202 0.105283391908108 21.4668074619676 0.0238151504485856 90.2153137271485 98.232859929116
2 255 inf_204  D d 724 0.785249457700651 1 461 -0.0840791872810308 0.0827391355083838 -12.2819280056069 0.309536010572273 146.075722218331 159.057651820808
2 256 inf_205  D d 783 0.849240780911063 1 461 -0.195948356642311 0.0937613735582679 -22.2891600992792 0.0366301740336479 113.750176226109 123.859294686119
2 257 inf_206  D d 763 0.827548806941432 1 461 -0.039494116733502 0.0920201820002232 -4.66408256367406 0.66778515889571 118.095629157788 128.590933379493
2 258 inf_207  D d 745 0.808026030368764 1 461 0.0664447049679537 0.0896117019208244 8.27429358307592 0.458406375421187 124.52901381783 135.596060869171
2 259 inf_208  D d 771 0.836225596529284 1 461 0.0455488756044304 0.0883081854850212 5.84084576537769 0.605997950451781 128.232490656906 139.628670262783
2 260 inf_209  D d 799 0.866594360086768 1 461 -0.0141145515485969 0.101398325062515 -1.37279447224999 0.889292851172725 97.2609343997517 105.904633600921
2 261 inf_210  D d 682 0.739696312364425 1 461 -0.146196822430861 0.0811153380217663 -22.2193816562243 0.0714930839841183 151.982657945471 165.489544211599
2 262 inf_211  D d 722 0.783080260303688 1 461 -0.0220803610558461 0.0869265918367707 -2.92213896813348 0.799486610840464 132.341086304827 144.102401873453
2 263 inf_212  D d 733 0.795010845986985 1 461 0.133815165727689 0.0875278781910485 17.4667673239838 0.126306820610732 130.529056471285 142.129334713656
2 264 inf_213  D d 715 0.775488069414317 1 461 0.175352082995583 0.0865119306814528 23.4292788191066 0.0426713982421722 133.612777326956 145.487109645214
2 265 inf_214  D d 642 0.696312364425163 1 461 -0.0338807404033144 0.0776287624511024 -5.62221652102121 0.662513380106693 165.941371236126 180.688785568989
2 266 inf_215  D d 798 0.865509761388286 1 461 -0.105797363559002 0.104857692503126 -9.62219718484613 0.312993149633055 90.9493097101608 99.0320870404449
2 267 inf_216  D d 787 0.853579175704989 1 461 0.0936848686787924 0.0974069809300512 9.87391278054931 0.336156090078 105.394957796258 114.761537689131
2 268 inf_217  D d 684 0.741865509761388 1 461 0.00951511850761803 0.0784622252382207 1.54558523397682 0.903477136197208 162.434680423516 176.870450818731
2 269 inf_218  D d 708 0.767895878524946 1 461 -0.139046368843394 0.0820408219698006 -20.6585409806967 0.0901050783163547 148.57303468287 161.776903524242
2 270 inf_219  D d 761 0.825379609544469 1 461 -0.0423701480355512 0.091251712145 -5.08836126293308 0.64241729544431 120.093072572313 130.765892053901
2 271 inf_220  D d 789 0.855748373101952 1 461 -0.100977114634373 0.0961049145018865 -10.9328090640916 0.293397921154711 108.270166994553 117.892270275144
2 272 inf_221  D d 758 0.822125813449024 1 461 -0.0436365715725825 0.0907090736951231 -5.3033361753001 0.630473349940579 121.534208215209 132.33510319887
2 273 inf_222  D d 675 0.732104121475054 1 461 -0.0461220812217816 0.0777104763527664 -7.6374741619148 0.55283871828076 165.592574307075 180.308990626649
2 274 inf_223  D d 802 0.869848156182213 1 461 -0.00104727521324017 0.104927145201336 -0.0951229063024039 0.992036466365731 90.8289483984848 98.9010290705474
2 275 inf_224  D d 764 0.828633405639913 1 461 -0.0810230863331375 0.0948587602569008 -9.00438163457318 0.393024941798372 111.133530479824 121.010104405007
2 276 inf_225  D d 641 0.695227765726681 1 461 -0.0479058567938939 0.0766657662000792 -8.15052626251857 0.532058785193652 170.136321694124 185.256546448216
2 277 inf_226  D d 695 0.753796095444686 1 461 -0.000266280621707882 0.0828460920406143 -0.0387967644686404 0.9974354755203 145.698790320542 158.647221520358
2 278 inf_227  D d 739 0.801518438177874 1 461 0.115287409472784 0.0891489839647287 14.5060471550303 0.195942115164064 125.825076835079 137.00730660532
2 279 inf_228  D d 669 0.725596529284165 1 461 -0.0453382619656207 0.0737081096475558 -8.34515333849873 0.538485065078297 184.064253385512 200.422270607647
2 280 inf_229  D d 683 0.740780911062907 1 461 0.0629430603118239 0.0767822347899813 10.6764373989796 0.412352525791804 169.620564143019 184.694952887413
2 281 inf_230  D d 670 0.726681127982646 1 461 0.137956458787132 0.0755550707457989 24.16655832046 0.0678644187160715 175.17525843244 190.743299709461
2 282 inf_231  D d 737 0.799349240780911 1 461 -0.00232339844510638 0.0882638627391264 -0.298234467894083 0.97899944978808 128.361309926085 139.768937859299
2 283 inf_232  D d 783 0.849240780911063 1 461 -0.0856097450396389 0.0992656424388118 -8.68810954950141 0.388450510941977 101.485053430292 110.504155299708
2 284 inf_233  D d 764 0.828633405639913 1 461 0.0524857834132049 0.0955495627041909 5.74889367335387 0.58279665303061 109.532397146377 119.266676377388
2 285 inf_234  D d 716 0.776572668112798 1 461 0.0290054759859282 0.0816969322305408 4.34578762696193 0.722561485030509 149.826454462263 163.141716265389
2 286 inf_235  D d 691 0.749457700650759 1 461 0.0076372482446485 0.0782098159994638 1.24857426450464 0.922209613657569 163.484834394316 178.013933268169
2 287 inf_236  D d 702 0.761388286334056 1 461 -0.0471839284326716 0.0801654275832693 -7.34209280622088 0.556141705454571 155.605797357411 169.434676491837
2 288 inf_237  D d 717 0.77765726681128 1 461 0.075013706595013 0.0840811326367323 10.6106873694374 0.372307922525975 141.449980957785 154.020815229075
2 289 inf_238  D d 706 0.765726681127983 1 461 0.06133589877518 0.083275562707384 8.8446282059533 0.461401287933756 144.199863091145 157.015082779316
2 290 inf_239  D d 687 0.745119305856833 1 461 -0.0387549744241331 0.0804919918160771 -5.98166526089124 0.630178125632245 154.345741411879 168.06263782028
2 291 inf_240  D d 816 0.885032537960954 1 461 -0.0246461221582259 0.111253830181362 -1.99121728533849 0.824679352206662 80.792315827823 87.9724285842074
2 292 inf_241  D d 658 0.713665943600868 1 461 -0.0302491696093937 0.0798880944297854 -4.73968340168912 0.704952039181439 156.688050048727 170.613110314674
2 293 inf_242  D d 632 0.685466377440347 1 461 0.0776923549888602 0.0727094356721993 14.6959186086025 0.285280626796507 189.155272879933 205.965735283771
2 294 inf_243  D d 791 0.857917570498915 1 461 -0.0305483122243939 0.101358575053034 -2.97348825855721 0.763118237527994 97.3372354163243 105.987715582945
2 295 inf_244  D d 733 0.795010845986985 1 461 -0.027931404305614 0.089442337529532 -3.49145532784558 0.754824754927456 125.001066528682 136.110065486664
2 296 inf_245  D d 781 0.8470715835141 1 461 0.0128328459088688 0.0954311575433756 1.4091025346932 0.893029124607315 109.804368002219 119.562817618636
2 297 inf_246  D d 795 0.862255965292842 1 461 0.0136804101977463 0.0980983011842894 1.42159584837751 0.889089714226103 103.914709268857 113.14973764937
2 298 inf_247  D d 687 0.745119305856833 1 461 0.0556711607662857 0.0803262582320661 8.62810064608365 0.488269990637185 154.983307826209 168.756865548222
2 299 inf_248  D d 678 0.735357917570499 1 461 0.0279656095353707 0.0773076623935698 4.67928186833572 0.717543087079426 167.322720515618 182.192897062697
2 300 inf_249  D d 817 0.886117136659436 1 461 0.163459958192797 0.107711747884583 14.0891643969211 0.129123206935254 86.1933684107716 93.8534793718291
2 301 inf_250  D d 841 0.912147505422993 1 461 0.07948421067865 0.115211588381736 5.98809301206331 0.490258517746732 75.3368871746467 82.0321692579299
2 302 inf_251  D d 714 0.774403470715835 1 461 -0.08734284045693 0.0841086053305403 -12.34657355523 0.299059167473666 141.357591425233 153.920214924813
2 303 inf_252  D d 727 0.788503253796095 1 461 -0.0450498760581265 0.0818917422637975 -6.71758822074559 0.58224049678472 149.114466199154 162.366452727176
2 304 inf_253  D d 701 0.760303687635575 1 461 -0.0307870810315926 0.0774506707018565 -5.13237225762843 0.690994603512484 166.70538698884 181.52070034398
2 305 inf_254  D d 706 0.765726681127983 1 461 -0.162339345388805 0.0819681609320104 -24.1620293754423 0.047645452435939 148.836557875566 162.0638463481
2 306 inf_255  D d 678 0.735357917570499 1 461 -0.0860338541817071 0.0813865786327971 -12.9886434583884 0.290465379815199 150.971307538494 164.38831384656
2 307 inf_256  D d 802 0.869848156182213 1 461 -0.32779088246466 0.100203138720115 -32.6463189015597 0.0010706805315899 99.5949571754161 108.446083859428
2 308 inf_257  D d 770 0.835140997830803 1 461 -0.179724380859577 0.0906921538640959 -21.8508111642669 0.0475131488365898 121.579560100638 132.384485562294
2 309 inf_258  D d 761 0.825379609544469 1 461 -0.0221702414676411 0.093397081820001 -2.54158014641513 0.812364975923551 114.639263181898 124.827395896264
2 310 inf_259  D d 724 0.785249457700651 1 461 0.0091605327774194 0.0826130587826472 1.34221883302633 0.911707696450212 146.521918062984 159.543501640511
2 311 inf_260  D d 806 0.874186550976139 1 461 0.0206555722022522 0.102496246983037 1.96617107765444 0.840287960962696 95.188410100789 103.64792151127
2 312 inf_261  D d 675 0.732104121475054 1 461 0.00921310314026302 0.0766920738092846 1.56640827937984 0.90437929703747 170.019618312351 185.129471492964
2 313 inf_262  D d 726 0.787418655097614 1 461 0.0252002200027523 0.0821270162051489 3.73621829887552 0.758961764788701 148.261336546564 161.437504390116
2 314 inf_263  D d 668 0.724511930585683 1 461 -0.0570389929162579 0.0762901685822678 -9.80019460836267 0.454666169767805 171.81570198392 187.085175335704
2 315 inf_264  D d 733 0.795010845986985 1 461 0.18500056438174 0.0847910027852233 25.7319980789262 0.0291212014915666 139.091457179717 151.452686533862
2 316 inf_265  D d 733 0.795010845986985 1 461 -0.0155403034890517 0.0871367179266745 -2.04671371713286 0.858452891742224 131.703587293182 143.408247538355
2 317 inf_266  D d 698 0.75704989154013 1 461 -0.0772096349365277 0.0787156951090057 -12.4608833141871 0.32665828756405 161.390263332172 175.733215092301
2 318 inf_267  D d 784 0.850325379609544 1 461 0.000960400555725578 0.0957181348878297 0.104824777077063 0.991994454142242 109.146935049271 118.846957788286
2 319 inf_268  D d 683 0.740780911062907 1 461 0.0273694447220836 0.0794795393866933 4.33266692027034 0.730576791549862 158.30306256723 172.371650987643
2 320 inf_269  D d 649 0.703904555314534 1 461 -0.0953116770073509 0.076191226904995 -16.4186020586982 0.210951466816568 172.262230339645 187.571387217149
2 321 inf_270  D d 789 0.855748373101952 1 461 0.158219475627301 0.100412745362676 15.6921430478977 0.115096994766563 99.1795920551642 107.993804728631
2 322 inf_271  D d 704 0.76355748373102 1 461 -0.0474092828491157 0.077409923265205 -7.91170548136049 0.540243697919125 166.880935671189 181.71185025425
2 323 inf_272  D d 746 0.809110629067245 1 461 -0.0793702058031826 0.0853177654994934 -10.9038171787025 0.352221307504344 137.37922269902 149.588283663005
2 324 inf_273  D d 768 0.832971800433839 1 461 -0.253205765527817 0.0930160785124543 -29.2656071384376 0.00648543756730287 115.580334742506 125.852101647176
2 325 inf_274  D d 783 0.849240780911063 1 461 0.0879757038646804 0.0936560565476894 10.0297709475384 0.347551693676829 114.006146094218 124.138012912119
2 326 inf_275  D d 703 0.762472885032538 1 461 -0.0342657817767385 0.0814609342942852 -5.16371032500809 0.674017492844098 150.695827068901 164.088351087859
2 327 inf_276  D d 631 0.684381778741866 1 461 0.0167461866654897 0.0757913203473134 2.91525790778161 0.825130394805664 174.084880696411 189.556018759166
2 328 inf_277  D d 795 0.862255965292842 1 461 -0.0825661396361853 0.102477559754261 -7.86220619098599 0.420416019807206 95.2231293073597 103.685726256551
2 329 inf_278  D d 772 0.837310195227766 1 461 -0.0552879265622351 0.0942423140300153 -6.22498659536994 0.557433997416617 112.592151350851 122.598354711897
2 330 inf_279  D d 713 0.773318872017354 1 461 -0.0525478471982152 0.0813465891079611 -7.94101896677576 0.518295671071432 151.119777311172 164.549978311058
2 331 inf_280  D d 725 0.786334056399132 1 461 0.0617806190257809 0.087078126132298 8.14768266987477 0.478023594362591 131.880884302483 143.601301151549
2 332 inf_281  D d 774 0.839479392624729 1 461 0.118802743476052 0.0938963049731934 13.4750214592006 0.205780030916186 113.423487243936 123.503572451164
2 333 inf_282  D d 667 0.723427331887202 1 461 0.0324487216994315 0.0806391834220328 4.99005520242665 0.687394102123246 153.7827976291 167.449664529193
2 334 inf_283  D d 768 0.832971800433839 1 461 0.13357850796317 0.0941887522705757 15.0570017413876 0.156132321514938 112.720241983382 122.737828916927
2 335 inf_284  D d 734 0.796095444685466 1 461 -0.0395716425528381 0.0846120977252237 -5.52737783703732 0.640011275802952 139.680273055557 152.093831202829
2 336 inf_285  D d 781 0.8470715835141 1 461 -0.118280941126087 0.0983210277013084 -12.2355065170218 0.228973389153911 103.444446759844 112.637682331162
2 337 inf_286  D d 741 0.803687635574837 1 461 -0.0224107878035351 0.0855856719850686 -3.05953195600931 0.793435471223681 136.520499985578 148.653245202876
2 338 inf_287  D d 704 0.76355748373102 1 461 0.0334560117324426 0.0810124505118025 5.09765722522688 0.679625880055791 152.368945407908 165.910161517267
2 339 inf_288  D d 798 0.865509761388286 1 461 0.110650932213187 0.0997623535919968 11.1178728833324 0.267367563279218 100.476992474967 109.406506723947
2 340 inf_289  D d 757 0.821041214750542 1 461 -0.0998096467260522 0.0841908754933568 -14.0812907847626 0.235813413631867 141.081461027625 153.619544478192
2 341 inf_290  D d 641 0.695227765726681 1 461 -0.0887849830612303 0.076149977373834 -15.3108731681228 0.243645722280985 172.448905661937 187.774652605577
2 342 inf_291  D d 729 0.790672451193059 1 461 0.0547508769778803 0.0861414243551847 7.37848133100385 0.525041803948058 134.764623660454 146.74132198305
2 343 inf_292  D d 821 0.890455531453362 1 461 -0.0898708467291877 0.108661251658332 -7.61148554286935 0.408195377132941 84.6935999813757 92.2204246723072
2 344 inf_293  D d 702 0.761388286334056 1 461 0.00754990864737573 0.0826584777348664 1.10501173698811 0.927223557283815 146.360941383337 159.368218764796
2 345 inf_294  D d 729 0.790672451193059 1 461 -0.0143281525179541 0.0854430728956379 -1.96262116368172 0.866825288697126 136.976568418184 149.1498449996
2 346 inf_295  D d 717 0.77765726681128 1 461 0.0161972056641916 0.0855545147922697 2.21286149280864 0.849841792723071 136.619954002361 148.761537820797
2 347 inf_296  D d 732 0.793926247288503 1 461 -0.0905467250854256 0.0866256107079315 -12.0664669718034 0.295900476564855 133.262323517713 145.105510573696
2 348 inf_297  D d 734 0.796095444685466 1 461 0.0352716208172714 0.085703483603893 4.80206978191209 0.680666273900926 136.145424299886 148.24483607838
2 349 inf_298  D d 731 0.792841648590022 1 461 -0.090337392357583 0.0828322323401705 -13.1664537708731 0.275445954684064 145.747551786266 158.700316477682
2 350 inf_299  D d 670 0.726681127982646 1 461 0.0385879699468848 0.0781664231638971 6.31555399876201 0.621543305474243 163.66639674114 178.211631284693
2 351 inf_300  D d 786 0.852494577006508 1 461 -0.116782567187093 0.095655154004345 -12.7632497467512 0.222135009977838 109.290710541614 119.003510785965
2 352 inf_301  D d 803 0.870932754880694 1 461 0.117160432590952 0.101517495500892 11.3683955707614 0.248462843855004 97.0327210249588 105.656138622033
2 353 inf_302  D d 734 0.796095444685466 1 461 -0.00873229816974414 0.0872534727119131 -1.14699919874532 0.920281080607453 131.351355215912 143.024712161937
2 354 inf_303  D d 809 0.877440347071583 1 461 0.10407225611277 0.104361670773659 9.55548913104149 0.318654429967361 91.815912212832 99.975705576391
2 355 inf_304  D d 656 0.711496746203905 1 461 -0.0330978582707972 0.0734514460336324 -6.13478280525863 0.6522716181451 185.352863471273 201.825401061094
2 356 inf_305  D d 694 0.752711496746204 1 461 -0.0383806699156377 0.0772873533696882 -6.42533358235654 0.619473250009492 167.410667830439 182.28866036386
2 357 inf_306  D d 658 0.713665943600868 1 461 0.0260474222770093 0.0737830997590594 4.7846586255319 0.724068240480982 183.690292830053 200.015075716384
2 358 inf_307  D d 723 0.784164859002169 1 461 0.0862166136206919 0.0856617925363116 11.7494258458051 0.314186228138364 136.277978830117 148.389170893205
2 359 inf_308  D d 797 0.864425162689805 1 461 0.130154324956654 0.107167561098539 11.3326613112444 0.224559264248053 87.0709545381496 94.8090576607568
2 360 inf_309  D d 794 0.86117136659436 1 461 0.0157452828623963 0.101788459658385 1.51968431985359 0.877068610437 96.5168001829284 105.094367258437
2 361 inf_310  D d 752 0.815618221258134 1 461 -0.141810584897909 0.0863744519250864 -19.0080707144663 0.100629035628637 134.038448033695 145.950610232681
2 362 inf_311  D d 697 0.755965292841649 1 461 0.0868020499036186 0.0829793090502487 12.6063788077238 0.295529359777453 145.231349049031 158.138238166508
2 363 inf_312  D d 713 0.773318872017354 1 461 -0.0844658079032073 0.081984283704388 -12.5666560097046 0.302884079555564 148.778024169321 162.000110679187
2 364 inf_313  D d 812 0.880694143167028 1 461 0.103708560590035 0.104918598764172 9.421274183137 0.322924044297442 90.8437464519416 98.9171422452668
2 365 inf_314  D d 692 0.750542299349241 1 461 -0.0336251232147642 0.080323842494317 -5.21164628803556 0.675494268509478 154.992630205358 168.767016418705
2 366 inf_315  D d 768 0.832971800433839 1 461 -0.182044615312529 0.0935451062133907 -20.803465769741 0.0516472426625761 114.276743280905 124.43265840454
2 367 inf_316  D d 726 0.787418655097614 1 461 -0.045203781457746 0.0869911983579006 -5.9734349617341 0.603317116471439 132.144585455041 143.888437750782
2 368 inf_317  D d 668 0.724511930585683 1 461 -0.145524497198761 0.0763161699587015 -24.9863589323742 0.0565383027347446 171.698644649823 186.957714971948
2 369 inf_318  D d 827 0.896963123644252 1 461 -0.0885401964917744 0.11573254503801 -6.6104263989963 0.444246850304079 74.6601731295054 81.2953148009417
2 370 inf_319  D d 680 0.737527114967462 1 461 0.0729460429407886 0.0820927673624904 10.8241037370425 0.374228504945625 148.385070672422 161.572234920352
2 371 inf_320  D d 677 0.734273318872017 1 461 0.0153090220028707 0.0791777795785242 2.44197273311242 0.846684887294603 159.512001005322 173.688029275826
2 372 inf_321  D d 698 0.75704989154013 1 461 -0.0197612153616769 0.0786699988767445 -3.19297386128096 0.801666249165809 161.577807986098 175.937427070938
2 373 inf_322  D d 707 0.766811279826464 1 461 0.0103197093643622 0.0782261627481475 1.68641094429389 0.89504641673244 163.416515402817 177.939542683631
2 374 inf_323  D d 747 0.810195227765727 1 461 -0.0630767872735751 0.0862921436294764 -8.47085113717022 0.464798758290983 134.294270575809 146.229168039642
2 375 inf_324  D d 764 0.828633405639913 1 461 -0.133300380639817 0.0970088545468619 -14.1647409491901 0.169408996028684 106.261819217635 115.705438154207
2 376 inf_325  D d 744 0.806941431670282 1 461 0.126964194611811 0.0857952090503741 17.2486531260134 0.138912801019127 135.854468094337 147.92802223598
2 377 inf_326  D d 760 0.824295010845987 1 461 -0.0643384509700082 0.0890140383427678 -8.11995442804458 0.469808952027399 126.206868608474 137.423028684517
2 378 inf_327  D d 710 0.770065075921909 1 461 0.0149865288905756 0.0819762222673985 2.23010470410223 0.8549427401126 148.807286889805 162.031974013732
2 379 inf_328  D d 786 0.852494577006508 1 461 0.0730192316037438 0.0998216250349434 7.32804263124647 0.464475560706457 100.357706734218 109.276619912292
2 380 inf_329  D d 821 0.890455531453362 1 461 0.176628364740935 0.112131309487116 14.0477464599328 0.115212085715011 79.5327889749583 86.6009660264357
2 381 inf_330  D d 722 0.783080260303688 1 461 -0.0270800144319154 0.0874273614722405 -3.54286128043438 0.756756389982466 130.829371946675 142.456339595752
2 382 inf_331  D d 656 0.711496746203905 1 461 -0.126185193441948 0.0787129072789026 -20.3665041910305 0.108911086695869 161.401695678346 175.74566344518
2 383 inf_332  D d 680 0.737527114967462 1 461 0.0389132336935179 0.0774006359317767 6.49543534805132 0.615139470002594 166.920986295038 181.755460226438
2 384 inf_333  D d 815 0.883947939262473 1 461 0.0447352172078298 0.106601826255315 3.93659068575942 0.674742795661356 87.9975762154211 95.818029349377
2 385 inf_334  D d 835 0.905639913232104 1 461 -0.0179703259829166 0.113762268108613 -1.38854344018637 0.874485283651529 77.2686840242283 84.1356472762006
2 386 inf_335  D d 794 0.86117136659436 1 461 -0.0235514145700194 0.104659500922503 -2.15010504602624 0.821956775450036 91.2940935939913 99.4075122932859
2 387 inf_336  D d 792 0.859002169197397 1 461 0.010270470136866 0.0967861566963642 1.09638689226119 0.915491051704715 106.751383106182 116.238510189355
2 388 inf_337  D d 736 0.79826464208243 1 461 0.0294664350081581 0.0878991307180741 3.81380457806229 0.737451512460192 129.428774706082 140.931269550899
2 389 inf_338  D d 739 0.801518438177874 1 461 -0.0117225871491446 0.0877158904004612 -1.52358580449789 0.893685128827634 129.970098333546 141.520701276801
2 390 inf_339  D d 699 0.758134490238612 1 461 0.0582455163905167 0.0833464039528949 8.38472390908857 0.484654161434509 143.954838564256 156.74828262051
2 391 inf_340  D d 650 0.704989154013015 1 461 -0.0369070700207968 0.0744722217825236 -6.6545845516798 0.620189569108214 180.306498129762 196.330559007525
2 392 inf_341  D d 789 0.855748373101952 1 461 -0.134682495246488 0.097668327354085 -14.1189907469753 0.167901472270394 104.831668890123 114.14818860315
2 393 inf_342  D d 659 0.714750542299349 1 461 -0.0217780376913951 0.0755990910253399 -3.81053186434362 0.773291054824665 174.971313684944 190.521230140711
2 394 inf_343  D d 811 0.879609544468547 1 461 -0.159015096712595 0.104782294217659 -14.4831340862153 0.129121316619573 91.0802457479383 99.1746595253956
2 395 inf_344  D d 790 0.856832971800434 1 461 -0.118986488518941 0.0961888770269431 -12.8602064026988 0.216083811100077 108.0812331112 117.686545604547
2 396 inf_345  D d 799 0.866594360086768 1 461 0.111751739212791 0.104169705391537 10.2984394299057 0.28336741230147 92.154623296699 100.344518332045
2 397 inf_346  D d 812 0.880694143167028 1 461 -0.111222443400155 0.106172085377202 -9.86669574878293 0.294837842383259 88.7113737762857 96.5952629798694
2 398 inf_347  D d 637 0.690889370932755 1 461 -0.0465112385149859 0.074194432030215 -8.44919386478115 0.530735839839047 181.659188930409 197.803465108027
2 399 inf_348  D d 786 0.852494577006508 1 461 0.17065828033426 0.0968055531013814 18.2107077083693 0.0779177565026765 106.708608997471 116.191934692845
2 400 inf_349  D d 740 0.802603036876356 1 461 -0.114249407101981 0.0849293725462724 -15.8393780250459 0.1785514755103 138.638601519459 150.959585032527
2 401 inf_350  D d 718 0.778741865509761 1 461 -0.0518983415493659 0.0864223553403271 -6.94866353870987 0.54815982294146 133.88989573203 145.788855904743
2 402 inf_351  D d 775 0.84056399132321 1 461 0.21191334501974 0.0968903480134371 22.5734154807158 0.0287318615164554 106.521915732174 115.988649766794
2 403 inf_352  D d 708 0.767895878524946 1 461 0.0379563243391747 0.0830225617128209 5.50670599168362 0.647541070183422 145.080064720602 157.973509013218
2 404 inf_353  D d 671 0.727765726681128 1 461 -0.0211273929195511 0.0786098561268117 -3.41894336224896 0.788112340301147 161.825142139762 176.206742115898
2 405 inf_354  D d 770 0.835140997830803 1 461 0.0414508301081889 0.0942301460133342 4.66824353196982 0.660017307924141 112.62123146353 122.630019210057
2 406 inf_355  D d 801 0.868763557483731 1 461 -0.0530635003989102 0.101438604892824 -5.15690772091768 0.600898037641185 97.1837078622801 105.820543845813
2 407 inf_356  D d 721 0.781995661605206 1 461 0.0227125325472348 0.0839215718718505 3.22491552688377 0.786667943222294 141.988372286401 154.607054059114
2 408 inf_357  D d 654 0.709327548806941 1 461 0.0354127479461443 0.0755218570831104 6.20889487687777 0.63913591848318 175.329372527663 190.911110114411
2 409 inf_358  D d 703 0.762472885032538 1 461 -0.019473975132985 0.0827220801882144 -2.8458481112181 0.813887051803304 146.135963088389 159.123246371289
2 410 inf_359  D d 669 0.725596529284165 1 461 0.166374215901982 0.0748277006719374 29.7140069859876 0.0261867633800879 178.597427641632 194.469601317158
2 411 inf_360  D d 773 0.838394793926247 1 461 0.0534465783163818 0.0990325668835014 5.44959006794118 0.58941298061847 101.963310647912 111.024915826137
2 412 inf_361  D d 736 0.79826464208243 1 461 -0.0162594609751488 0.0863428374682729 -2.18098917794428 0.850631456523813 134.136622442635 146.057509522431
2 413 inf_362  D d 714 0.774403470715835 1 461 -0.00401000122464358 0.0858012223787013 -0.54470022541303 0.962723681531965 135.835426200261 147.907288065292
2 414 inf_363  D d 751 0.814533622559653 1 461 -0.0261550541363092 0.0879870588976301 -3.37845408735367 0.766267835186945 129.17021963505 140.649736371804
2 415 inf_364  D d 829 0.899132321041215 1 461 8.22809068691108e-05 0.114065087663716 0.00632402520960387 0.999424445631079 76.8589634003897 83.6895142751745
2 416 inf_365  D d 715 0.775488069414317 1 461 0.00404596591320085 0.082641541312522 0.592414122000596 0.960952754060752 146.420937474465 159.433546782541
2 417 inf_366  D d 719 0.779826464208243 1 461 -0.0378769921336382 0.0860457755237971 -5.11583321570715 0.659795274980045 135.064399983436 147.067739797598
2 418 inf_367  D d 822 0.891540130151844 1 461 -0.107256211496184 0.115834343918095 -7.99369854658421 0.354474653846837 74.5290033563101 81.1524878082185
2 419 inf_368  D d 666 0.72234273318872 1 461 -0.0219819536441339 0.0771810915194117 -3.69015369801941 0.775789641325351 167.871962508854 182.790950869304
2 420 inf_369  D d 679 0.73644251626898 1 461 -0.0556154162283868 0.0781684650494353 -9.10189924634608 0.476785915162192 163.657846395841 178.202321059662
2 421 inf_370  D d 810 0.878524945770065 1 461 -0.128958444733088 0.102093128185048 -12.3724801228531 0.20653700287734 95.9416046654485 104.468053405876
2 422 inf_371  D d 743 0.8058568329718 1 461 -0.00154637214319894 0.0863318045068697 -0.207478156411915 0.985709084942178 134.170909198293 146.094843384353
2 423 inf_372  D d 657 0.712581344902386 1 461 0.0235014342149329 0.0767578590146859 3.9888587845134 0.759470446606015 169.728313090733 184.812277617007
2 424 inf_373  D d 818 0.887201735357918 1 461 -0.147838249374669 0.109859251218322 -12.249364048482 0.178397362781928 82.8565279979624 90.2200898358943
2 425 inf_374  D d 827 0.896963123644252 1 461 0.0732049229301042 0.113338373549077 5.6988383164688 0.518346019925628 77.8477469597233 84.7661722489859
2 426 inf_375  D d 734 0.796095444685466 1 461 0.141880240354518 0.0854525670967007 19.4299502041324 0.0968462493304132 136.946132566329 149.116704276051
2 427 inf_376  D d 712 0.772234273318872 1 461 0.00895184555846452 0.084032470161881 1.26770534374856 0.915163114563766 141.613853307586 154.199251116723
2 428 inf_377  D d 797 0.864425162689805 1 461 -0.102982693796013 0.0988423627291842 -10.5409077201065 0.297463504248995 102.356107920286 111.452621476582
2 429 inf_378  D d 786 0.852494577006508 1 461 0.0723574677547579 0.0933024555994074 8.31184071203629 0.438035317413633 114.871912602134 125.080721157425
2 430 inf_379  D d 735 0.797180043383948 1 461 0.0888102556288409 0.0840730829346806 12.5646146573866 0.290810217365397 141.47706893106 154.050310543945
2 431 inf_380  D d 792 0.859002169197397 1 461 0.181177526994082 0.0987242228352255 18.5890364997504 0.0664778116354554 102.601226587874 111.719524142486
2 432 inf_381  D d 666 0.72234273318872 1 461 -0.0398310696277013 0.0727733119415807 -7.52103636587819 0.584151538494978 188.823359155977 205.604323977787
2 433 inf_382  D d 745 0.808026030368764 1 461 0.0618917070696638 0.0899052107487481 7.65707206591092 0.491194201574709 123.717254353516 134.712159340045
2 434 inf_383  D d 747 0.810195227765727 1 461 -0.159366787223626 0.0917381907406088 -18.9364024975959 0.0823534092999844 118.822766195469 129.382691982559
2 435 inf_384  D d 752 0.815618221258134 1 461 0.0668619876232271 0.0915718493817433 7.97361591869762 0.465293149894687 119.254844226732 129.853169321383
2 436 inf_385  D d 748 0.811279826464208 1 461 -0.0668880092923947 0.0899154060269443 -8.27332435744748 0.456937387535218 123.689199977255 134.681611736763
2 437 inf_386  D d 821 0.890455531453362 1 461 -0.0445743778816278 0.111109544701904 -3.61062641062643 0.688291243845077 81.0022838729202 88.2010567484458
2 438 inf_387  D d 735 0.797180043383948 1 461 0.0671128222879875 0.0867319329553207 8.92169663248291 0.439051441780616 132.93579867941 144.749967070279
2 439 inf_388  D d 800 0.867678958785249 1 461 -0.0135681483917677 0.101890812940984 -1.30692459230915 0.894063990164166 96.3229878221343 104.883330554092
2 440 inf_389  D d 677 0.734273318872017 1 461 0.00368737678180084 0.0808444499484794 0.564179232530073 0.963620493077454 153.002870581221 166.600424402612
2 441 inf_390  D d 756 0.819956616052061 1 461 -0.184228286258092 0.0945835679206063 -20.5932516655742 0.0514409077077708 111.781160666741 121.715290285419
2 442 inf_391  D d 660 0.715835140997831 1 461 0.0126003396269539 0.0793528865098006 2.00104471285067 0.873835372432071 158.808791833687 172.922325037774
2 443 inf_392  D d 827 0.896963123644252 1 461 -0.0687270914314831 0.115996172814212 -5.10787950945024 0.553519519859152 74.3211942053811 80.926210401736
2 444 inf_393  D d 796 0.863340563991323 1 461 0.0575108246666262 0.100324523082284 5.71393620641787 0.566476839280734 99.3540996767116 108.183821057741
2 445 inf_394  D d 791 0.857917570498915 1 461 -0.0300295842228688 0.0998635072275051 -3.01117287908296 0.763638476076842 100.273545472195 109.184979135109
2 446 inf_395  D d 785 0.851409978308026 1 461 -0.191562152648797 0.0991345368714694 -19.4921499936392 0.0533169053185487 101.753659186402 110.796632380661
2 447 inf_396  D d 693 0.751626898047722 1 461 -0.0305361287196719 0.0769937063032162 -5.15114203971152 0.691658383317526 168.690081411435 183.681777007821
2 448 inf_397  D d 802 0.869848156182213 1 461 0.00455510508029984 0.099204786333572 0.462842411730426 0.963377055961486 101.609601440843 110.639772045574
2 449 inf_398  D d 750 0.813449023861171 1 461 -0.00967438220199408 0.0860481583448569 -1.30659226075636 0.910482582346636 135.05691975732 147.059594794561
2 450 inf_399  D d 651 0.706073752711497 1 461 0.124809539528696 0.0744111876905326 22.5409028910985 0.0934847402961942 180.602404080787 196.652762485387
3 451 null_0  D d 718 0.778741865509761 1 461 -0.0994581107032297 0.0796055837062489 -15.69470448702 0.211523885624284 157.80215787379 171.826230276285
3 452 null_1  D d 756 0.819956616052061 1 461 0.089923402693409 0.0924669595754496 10.5171865348874 0.330805712505993 116.957168210654 127.351296003817
3 453 null_2  D d 788 0.854663774403471 1 461 -0.0877986432453462 0.098599518312781 -9.0310494068141 0.373220482490157 102.860922139509 112.002299158102
3 454 null_3  D d 739 0.801518438177874 1 461 0.0375282994373863 0.0863191065365687 5.03668757289713 0.663734920606128 134.210386519126 146.13782910338
3 455 null_4  D d 685 0.74295010845987 1 461 -0.0104309124429549 0.0836059388603914 -1.49227218322669 0.90071132512992 143.062478128132 155.776617011796
3 456 null_5  D d 760 0.824295010845987 1 461 0.129303504868786 0.094035047866062 14.622808650733 0.169113925460602 113.089035487258 123.13939755436
3 457 null_6  D d 811 0.879609544468547 1 461 0.253325994203745 0.109107869200756 21.279803188957 0.0202440314082838 84.0016566631615 91.4669874979645
3 458 null_7  D d 699 0.758134490238612 1 461 -0.0824577293191802 0.0809831107860595 -12.57310263735 0.308578660469409 152.479370232009 166.030399931683
3 459 null_8  D d 698 0.75704989154013 1 461 -0.0544205695709684 0.0837120988147935 -7.76580751092576 0.51563276693635 142.69985728096 155.381769602682
3 460 null_9  D d 737 0.799349240780911 1 461 -0.0758600235825587 0.0827366888663503 -11.0819631221985 0.359202939104122 146.084361681459 159.06705908368
3 461 null_10  D d 745 0.808026030368764 1 461 -0.0870228792874289 0.0842374231837875 -12.263750369633 0.301572671757597 140.925587271445 153.449818029047
3 462 null_11  D d 672 0.72885032537961 1 461 -0.0919868305303906 0.0738206734818112 -16.8798914365101 0.212733207933931 183.503348676997 199.81151760587
3 463 null_12  D d 729 0.790672451193059 1 461 -0.0763219653783519 0.0832223189607309 -11.0197037499499 0.359097943256792 144.384433699024 157.216056404766
3 464 null_13  D d 756 0.819956616052061 1 461 -0.0514161475332971 0.0881386054372323 -6.61861598339576 0.559653952278521 128.726407965699 140.166482612003
3 465 null_14  D d 767 0.831887201735358 1 461 -0.00692955772135356 0.0938104539646502 -0.78741383561354 0.941115697557583 113.631182144152 123.729725453332
3 466 null_15  D d 706 0.765726681127983 1 461 -0.0261763318241987 0.0805121282882184 -4.03818464583479 0.745088103170683 154.268545835811 167.978581778154
3 467 null_16  D d 724 0.785249457700651 1 461 0.0313919009890027 0.0849418507488108 4.35085066542788 0.711703423230546 138.597871691558 150.915235494584
3 468 null_17  D d 821 0.890455531453362 1 461 -0.0701615746516629 0.109938004084898 -5.80501880824919 0.523348586103847 82.7378638103529 90.0908798155722
3 469 null_18  D d 792 0.859002169197397 1 461 -0.0545688308963617 0.0990979911543248 -5.55667437631861 0.581870014188125 101.828723193135 110.878367418255
3 470 null_19  D d 694 0.752711496746204 1 461 -0.0108163346609263 0.0811269075788084 -1.64342645063784 0.893935482481031 151.939312360098 165.442346450592
3 471 null_20  D d 820 0.889370932754881 1 461 -0.029332824528371 0.113952006435815 -2.25896723205312 0.796859313394318 77.0115823611949 83.8556966712657
3 472 null_21  D d 690 0.748373101952278 1 461 0.107735712453245 0.0818784285474658 16.0701781119901 0.188240866963951 149.162963200009 162.419259716313
3 473 null_22  D d 665 0.721258134490239 1 461 -0.12371926332765 0.0777296690155223 -20.4768754420276 0.111460951872166 165.510809644881 180.219959438078
3 474 null_23  D d 679 0.73644251626898 1 461 -0.0287251368165718 0.0778179390336527 -4.74354097901789 0.71202890375166 165.135539973522 179.81133908817
3 475 null_24  D d 785 0.851409978308026 1 461 0.0325937951413943 0.101273063647872 3.17794981887271 0.747573368416435 97.5016810741592 106.166775729218
3 476 null_25  D d 770 0.835140997830803 1 461 0.0102887056068558 0.0979881758861668 1.07155235400008 0.916376236785179 104.148412341204 113.404210202005
3 477 null_26  D d 782 0.848156182212581 1 461 -0.248117754079938 0.0944418112627491 -27.8182128665855 0.00860901076480494 112.116978366744 122.080952518616
3 478 null_27  D d 744 0.806941431670282 1 461 -0.103373997915779 0.086336586916819 -13.8682467630456 0.231175192548485 134.156045452981 146.078658679662
3 479 null_28  D d 757 0.821041214750542 1 461 0.0703533553873889 0.0911226760120955 8.47289617590238 0.440071208522978 120.433433903014 131.136501715862
3 480 null_29  D d 698 0.75704989154013 1 461 -0.0950724282669108 0.0812647692798301 -14.3962696656525 0.242037377192474 151.42423442931 164.881492908801
3 481 null_30  D d 790 0.856832971800434 1 461 -0.0253819908048669 0.103051038071496 -2.39012679438643 0.80544610311449 94.1662461688441 102.534916609962
3 482 null_31  D d 807 0.87527114967462 1 461 -0.0324810963433152 0.10611419070448 -2.88458769955121 0.75953178998735 88.8081999776732 96.7006942451991
3 483 null_32  D d 746 0.809110629067245 1 461 -0.109796327023074 0.0897799754125331 -13.6216227327398 0.221348976946883 124.062644917777 135.088245189755
3 484 null_33  D d 787 0.853579175704989 1 461 0.0782644757955312 0.0988164575045535 8.01504784804456 0.428349810492945 102.409781277832 111.511064851614
3 485 null_34  D d 734 0.796095444685466 1 461 -0.0742103884111324 0.0849265258490368 -10.2891142054012 0.382216982182577 138.647895876769 150.969705390834
3 486 null_35  D d 826 0.89587852494577 1 461 0.142093546756861 0.112115719093527 11.3042392639512 0.20501840618958 79.5549095786458 86.6250525154563
3 487 null_36  D d 744 0.806941431670282 1 461 -0.0189003387698659 0.0868738318545631 -2.50433044200058 0.827771344149926 132.50188118286 144.27748679062
3 488 null_37  D d 794 0.86117136659436 1 461 -0.108784869987556 0.0987849529786551 -11.1477418238145 0.270796937084445 102.475112808332 111.582202475808
3 489 null_38  D d 751 0.814533622559653 1 461 0.0755144770777088 0.0914117575097757 9.03703785616619 0.408752181615905 119.672918437435 130.308398302841
3 490 null_39  D d 705 0.764642082429501 1 461 -0.0565537110864952 0.0839693140848562 -8.02084082243938 0.500626385439486 141.826958272854 154.431294983096
3 491 null_40  D d 783 0.849240780911063 1 461 -0.0178138653009254 0.0949938979967151 -1.97408908011646 0.851247913517373 110.817559623846 120.666052829342
3 492 null_41  D d 657 0.712581344902386 1 461 -0.0582814810051041 0.0779049110370718 -9.60286685310141 0.454393516458819 164.767035557323 179.410085229992
3 493 null_42  D d 659 0.714750542299349 1 461 0.0304003029169754 0.0761073580178377 5.24837210733755 0.689569220752873 172.642099049838 187.985015328144
3 494 null_43  D d 715 0.775488069414317 1 461 -0.149861771956128 0.0815836287010728 -22.5156675304567 0.0662232034967831 150.242902086118 163.59517410322
3 495 null_44  D d 749 0.81236442516269 1 461 -0.0927541499331878 0.0870217103349275 -12.2483650095784 0.286480751958947 132.05193534091 143.787553706735
3 496 null_45  D d 706 0.765726681127983 1 461 0.0817131336059853 0.0790470120566664 13.0773861755595 0.301263197863197 160.040199151065 174.263169042258
3 497 null_46  D d 789 0.855748373101952 1 461 0.0881434431018308 0.0980815344537338 9.16253207301605 0.36882568766458 103.950240092513 113.188426141147
3 498 null_47  D d 703 0.762472885032538 1 461 -0.0153584278310339 0.0809379111326927 -2.34445973154158 0.849500592209632 152.649721529717 166.215890559329
3 499 null_48  D d 667 0.723427331887202 1 461 -0.0351791117835838 0.0761214768551917 -6.0711429508874 0.64397779512432 172.578062466048 187.91528773417
3 500 null_49  D d 782 0.848156182212581 1 461 0.0719551872710715 0.0921799296997124 8.46816599678873 0.435040765074994 117.686664685997 128.14562373068
