IID	PHENO	PHENO2	CASE	CASE2	PC1	PC2	BATCH	FID	V1	V2	V3
440	0.7175824082953346	0.4503962039287424	1.0	1.0	1.4936455086379186	-1.6775958547520566	B3	440	-1.32210482514306	-0.0332684613144726	-0.564368017626722
4	0.6658237998926421	-1.5321020124626434	1.0	0.0	1.061148449388181	-0.6501615855731889	B3	4	-1.92175859469857	-1.08321238171368	0.208887472917422
488	1.1992281082636649	0.1331898731839282	1.0	1.0	0.9195632859199347	0.1959405101105897	B3	488	-0.86099663862995	-0.899747742375208	0.739197695312269
351	-0.0299600470960396	-1.1963740018230864	0.0	0.0	-2.372718822624928	1.426414899954135	B2	351	-0.112048132821479	-0.503652039649308	0.658186027591559
275		1.6036070810802667	1.0	1.0	-1.9116579659512944	2.213068368476612	B3	275	0.350036194906335	0.944979275948657	-2.23712574677926
240	1.6700071185481635	0.2005974554204672	1.0	1.0	1.004242318973581		B3	240	0.638949836393311	-0.175011559041567	-0.565935078051149
305	-0.8473514861984687			0.0	-0.1546518851418047	1.0894028037803278	B1	305	-2.1521556116937	0.211447694327415	1.13994230933885
372	-1.4112071973049491	-0.4769402620727404	0.0	0.0	1.2341578254519214	1.7877305550184646	B1	372	0.795574536325585	1.38952054318901	-0.205021901201099
309	-1.5253493737129329	2.5740374683027536	0.0	1.0	1.2716437121248283	0.0021879911560499	B1	309	0.748196335956892	1.31893965065117	-0.811219973030862
225	-0.624780748917754	-0.5965740298455487	0.0	0.0	0.2205328932586634	-0.8655455001063305	B1	225	-0.195458351526377	-1.12708948860974	0.0483699010155095
220	1.0313282851738683	0.2833781943622123	1.0	1.0	0.5230500717020431	-1.2541501943392634	B3	220	-0.0682314485516372	-0.795866178677262	1.66930347041193
428	-0.3440947789770541	6.66		1.0	0.4530758437690287	-0.3530429336094971	B2	428	0.14894821294202	0.76227578842078	0.762337668292594
271	1.4745050564310078	-0.5458519940698457	1.0	0.0	-0.1439559514132748	-1.1752612835403988	B3	271	-0.721109911792939	0.973353505683337	0.725840321699984
138	1.65558791310931	-0.4601117935870594	1.0	0.0	1.013249815371399	0.3331349454598871	B3	138	-0.199304950037624	1.51815799081416	1.46398209533402
367	0.4943858268242408	-0.3044880253487302	1.0	0.0	1.31328879515592	-0.2254928329575596	B2	367	-0.732597151075011	0.415601284249849	0.597589404816867
168	-0.6349282429298715	1.0510433172779925	0.0	1.0	0.8377731253742943	-0.5518207938279379	B1	168	-0.0532183341365486	-0.0971607395158495	-0.185753106858513
471	0.7062942755405903	-2.1190371131207306	1.0	0.0	-0.0153363090559028	-1.1963740018230864	B3	471	-1.13396161893926	0.302603493382267	1.17916441880041
499	-0.4631773304001282	0.7819900863897892	0.0	1.0	0.017149909504142	-0.8213334676435591	B2	499	-0.516533720439536	-0.576053588281794	0.161069003359382
15	1.2606692333542373	-0.3530429336094971	1.0	0.0	1.3148209110260505	1.641895301641597	B3	15	-1.49758037380989	0.353191967570147	-1.67473384357928
291	-1.2351363670664182	-0.3061122364955118	0.0	0.0	-0.8191888326171307	0.5643452560242491	B1	291	1.82460367451811	-1.94034273153412	0.155062051356154
153	0.3363852971887504	0.0485016949386254	1.0	1.0	-0.4535321516545124	0.0465913449658079	B2	153	-0.9230520186645	1.51275275292047	2.05561908754561
466	-0.4338837693442397	-0.5558287669378148	0.0	0.0	-2.4494492803640022	-0.1895839551659786	B2	466	0.117928972785921	0.969861570326182	-1.68803941979426
464	1.1224222088370677	0.1925558424443856	1.0	1.0	-0.7811541586520457	-2.5234296512650447	B3	464	-0.0246541906360803	1.01311111432097	-0.0406603252497205
357	-0.3887229530927819	0.1331901630236067	0.0	1.0	0.0570358458323569	1.1565871160947805	B2	357	0.187916092171361	-1.52064147800193	-0.363134323290455
121	0.9601642531802884	0.1445135633062106	1.0	1.0	0.9191104275425048	-0.0125597048288464	B3	121	-0.0606854651306287	-0.311512521960318	0.605184001519958
135	1.2341578254519214	0.4980033880636772	1.0	1.0	1.0510433172779925	-0.0153363090559028	B3	135	-0.31657492076431	-0.409901081300051	-0.145753345426725
106	0.7848503716979157	1.6503819866189111	1.0	1.0	0.3730542303129533	1.0406689409301526	B3	106	0.522189914991477	0.9967269236725	0.449048331266212
399	-0.0300423123778464	-0.4717474685706561	0.0	0.0	-1.0212450480574558	-0.0376491372390905	B2	399	0.773772943927362	1.81975886909259	0.429061628933955
426	-0.6396046050764921	1.65558791310931	0.0	1.0	-0.1217091099119399	0.274954268508773	B1	426	2.12583517147699	-1.58032505698937	-0.380971930202218
156	-0.3808633841949227	1.6530274769204985	0.0	1.0	-1.298832108780333	0.5010288555718972	B2	156	0.191691835549594	1.69954007643337	1.10060477315528
206	-0.8221081713776588	1.4936455086379186	0.0	1.0	0.2825803847207173	0.0074418075185122	B1	206	0.497137673599994	-0.298292757497476	1.52472484723303
42	-0.2744230179428616		0.0	0.0	0.7748006221315341	1.5642134356006847	B2	42	1.73168907075819	0.512908202298933	0.349054138222236
457	-0.7429788972407904	-0.3606425914729865	0.0	0.0	1.069953907594907	-0.4631773304001282	B1	457	0.60407680403628	-0.104022236597136	0.303493523505913
112	-0.6404979013481404	-0.0020664157587947	0.0	0.0	0.5429663518299074	0.1925558424443856	B1	112	0.223497419145838	-1.32110280636091	0.524684732289228
385	-1.2600086040654477	-0.4467807695397318	0.0	0.0	-0.196005627932633	-1.6278769464058696	B1	385	-1.13364545455527	-0.404537314875365	0.155635186040039
337	-0.196005627932633	-0.6891721537433959	0.0	0.0	-0.2881325891992889	-1.4251415011354849	B2	337	-0.231482025850402	-1.04112143594274	-0.312872327654019
270	0.0570358458323569	0.2558071082994665	1.0	1.0	-0.9433895891176975	-0.7811541586520457	B2	270	0.521451560069117	0.229210872300789	0.117145303707847
56	-0.6813055796709735	0.1091604261932204	0.0	1.0	-0.8848696262558821	-0.3105668719151074	B1	56	1.36752395617169	1.84207966816907	0.0771531293507437
224	-0.6176835872308691	1.7510265942816932	0.0	1.0	-0.3530429336094971	-0.2676477096598135	B1	224	1.08722268180171	1.19413693413092	-0.240273728814771
228	1.2074649724277058	0.0918757077204004	1.0	1.0	-1.1901009194357142	-1.883674023142972	B3	228	-1.08408259984194	-0.11623045844534	0.0936085321037543
259	-0.3027911974132581	1.7972793724047749	0.0	1.0	-0.7357404438785312	0.5590372219564149	B2	259	0.199821292254365	0.0108931677881925	0.832449327129177
289		-0.4389661673885548	0.0	0.0	0.2354296885149071	-0.4338837693442397	B1	289	1.65736411683642	-1.1437399326179	-1.3031282156944
89	-0.4717474685706561	1.658391180188154	0.0	1.0	0.7111556836519528	-0.0661009320924428	B2	89	2.14490953111301	0.41713527242053	0.119270852551482
288	-1.212032621830397	0.6917746087291479	0.0	1.0	0.8181457381771525	0.553949147355921	B1	288	-1.73949071882268	0.70280563800663	-0.514981312838415
285	0.5573349116266615	0.4530758437690287	1.0	1.0	0.2677517204111873	-0.3132783521173577	B3	285	-0.062235704507387	-1.1873901649143	0.233185939981184
308	-1.9790492535631856	-0.2881325891992889	0.0	0.0	0.1357209008468077	0.1032678010911094	B1	308	-1.23831539739212	0.174125333480291	-0.211814661895119
480	0.2205328932586634	0.6962558464296542	1.0	1.0	0.5674460462704479	-0.9560329682714308	B2	480	0.0247771557425567	2.21242490448656	0.170594216971674
248	-0.0020664157587947	0.1596833722810868	0.0	1.0	0.4503962039287424	-1.316796818445614	B2	248	-0.429803260399542	-0.95897644987832	0.349991019844699
28	-0.2676477096598135	-0.591996102804245	0.0	0.0	1.1280827301911354	0.0266522861024217	B2	28	0.687164856614254	0.022038634604751	-0.653736026177123
358	0.1445135633062106	0.7873316028203755	1.0	1.0	1.3263850865010316	-0.1396620902625725	B2	358	-0.676067238311435	-1.41454450811721	-0.360419845512291
155	0.2701348755255361	-0.0970053144849687	1.0	0.0	-0.1688259831633778	1.6700071185481635	B2	155	2.14764230980825	1.11836182023814	0.561414328616239
221	0.0941439533157155	-0.0512614588505235	1.0	0.0	-0.2569614554903415	1.4205846188601483	B2	221	-0.533686551757233	-0.465695098147421	-0.981684351830436
408	-0.8030871260696271	1.3056699098740336	0.0	1.0	-0.5558287669378148	-0.0058960678713197	B1	408	-0.492467477098651	0.304497413279957	-1.30021219352541
404	0.7819900863897892	0.0401892679038447	1.0	1.0	-1.5321020124626434	-0.3808633841949227	B3	404	1.01977424998782	0.934263379091051	-0.190841598063365
237	-0.1546518851418047	-0.4683803455991253	0.0	0.0	-0.8213334676435591	0.2701348755255361	B2	237	0.264296911165029	-1.33259359592374	0.0487652939597159
73	-0.1649348560132909	-0.2497958172020347	0.0	0.0	1.5642134356006847	2.5740374683027536	B2	73	-0.644736566441107	-0.089869044743121	0.0157496509969957
304	-0.5695802535356469	1.1992281082636649	0.0	1.0		0.9839962897711908	B1	304	-0.51178438806716	-0.370359287706688	0.492310733041444
87	0.1041795024208633	0.118865859291617	1.0	1.0	-0.1236531528002883	0.7062942755405903	B2	87	0.82468268003704	1.09516657815012	-0.602551763995042
392	-0.2821553821087086	-0.1419776926420219	0.0	0.0	-0.4683803455991253	0.4943858268242408	B2	392	2.41071373910191	-1.40414958026209	-1.43279514328709
111	-0.0113866177185837	0.7033250873409186	0.0	1.0	-0.0299600470960396	-0.119456479735899	B2	111	-0.998291492606998	0.0046275424027572	1.88127607035992
416	-0.0512614588505235	0.6361493273442497	0.0	1.0	-1.3848053256406825	-0.4389661673885548	B2	416	1.11776473650734	-0.216629079829078	0.718584038343791
95	-1.3251833396320472	-0.5739394940501295		0.0	-1.070382200424481	-0.8221081713776588	B1	95	0.453576746586724	0.141478026440519	-0.534967261642291
119	1.2716437121248283	-0.0670051947640402	1.0	0.0	0.5590372219564149	0.024441125372044	B3	119	1.01841904624174	0.268656649347677	1.33990112172931
320	1.6530274769204985	0.5185603274229008	1.0	1.0	-1.2379452021381565	1.3148209110260505	B3	320	-0.876709951973288	-0.64595588629736	-0.354804926698781
163	0.7407513064839535	1.0188064707179392	1.0	1.0	0.0072657109833799	0.4980033880636772	B3	163	-0.606314083879166	0.83108108713256	2.24244959411634
233	-0.3886448388454457	0.7332632139169448	0.0	1.0	-0.0670051947640402	-7.926457716849677e-05	B2	233	0.0114661310717726	-1.14727853739666	0.601845776132469
33	0.2354296885149071	1.2074649724277058	1.0	1.0	0.6454664759221705	1.4523360524496092	B2	33	-0.0576012700122912	0.99383446207855	1.10194755457429
161	0.2519277543876505	0.0021879911560499	1.0	1.0	0.7488940724700807	-1.5321020124626434	B2	161	-1.16673162601532	-0.923729049541734	0.882931371107068
294	0.3875310056049545	-1.071043452154829	1.0	0.0	0.7819900863897892	-1.2586337442612614	B2	294	0.417681616508874	-1.1291558960589	-0.627291915158984
460	-0.110277522919618	-1.4251415011354849	0.0	0.0	0.6554963064376974	1.4936455086379186	B2	460	-2.58974911648449	1.28896474154759	-1.05216239641956
194	1.2778380357634742	0.2354296885149071	1.0	1.0	0.9874048999158505	-1.0887963283029611	B3	194	-0.0824836561278376	0.502688722215784	1.02692569356233
16	0.5532311359350739	1.4205846188601483	1.0	1.0	-1.2586337442612614	-0.591996102804245	B3	16	0.700744945491556	-1.62219012789145	0.387547883143897
266	-1.4215222131613705	-1.2648304446149456	0.0	0.0	-2.109427602805172	0.7873316028203755	B1	266	-0.984446076989712	0.405512286601059	-0.992812408330569
449	-0.1251806509698531	-0.2676477096598135	0.0	0.0	1.3907852235803375	0.6736681336462624	B2	449	2.28150475194183	1.2238359582073	-0.162320784068865
412	0.0292488140082527	1.069953907594907	1.0	1.0	1.6503819866189111	0.3261583219287441	B2	412	0.567261737834834	0.343272499619591	0.783825957039741
353	-0.1217091099119399	-0.5174737513107168	0.0	0.0	-1.579481582437942	1.2341578254519214	B2	353	0.0770376641676405	0.26837203940238	0.139251213851349
490	-0.1255644094578015	-1.5253493737129329	0.0	0.0	-1.3324335054916632	0.6658237998926421	B2	490	0.232188200392006	-0.766806972425336	1.44920475451477
432	-2.4494492803640022	0.6642443953751778	0.0	1.0	0.6962558464296542	-0.0300423123778464	B1	432	1.0195152003104	0.37007924120698	-0.102790498134211
331	-1.9500708808705016	0.9245092282950892	0.0	1.0	-0.0951275638289515	-1.070382200424481	B1	331	-0.0505232383727004	0.531545092071155	-0.0017621212943081
487	0.9195632859199347	0.4419788612843269	1.0	1.0	-0.8030871260696271	1.1224222088370677	B3	487	0.352984673775129	0.034045039443356	-0.236623000367563
422	-0.2569614554903415	-0.0979342159224097	0.0	0.0	0.7062942755405903		B2	422	-0.13514834258085	-0.343489389055775	-0.758550307258719
264	-1.980776740834876	-0.2065160921398899	0.0	0.0	0.0196980382411425	-0.6176835872308691	B1	264	-1.58806982701449	-0.87293526942144	0.618676976339737
142	-1.7606788880705646	-0.196005627932633	0.0	0.0	-1.7090986597057412	-1.9897038536605167	B1	142	0.152029144559496	2.23859123192986	0.274484191198587
61	-1.0918707470545093	-0.6164650319402739	0.0	0.0	0.2701348755255361	-0.849622061183973	B1	61	-0.934190605753742	-1.26782065594274	0.208035565503809
188	-0.1095036372665212	-0.050027987070537	0.0	0.0	-0.6695465895569117	0.0918757077204004	B2	188	0.857706091343454	0.469806032976427	0.218452229983434
500	-0.9433895891176975	-0.3965127185254764	0.0	0.0	1.022380976723825	-0.3886448388454457	B1	500	-1.04827117969018	0.926623357058696	0.86635561319519
183	0.6639986494873168	-1.9790492535631856	1.0	0.0	-0.6813055796709735	0.4579547646635299	B3	183	0.962254883537811	0.952711758939796	0.26257629591948
417	-1.3434267805209248	1.823814812172757	0.0	1.0	0.6642443953751778	0.0292488140082527	B1	417	0.285225183001854	0.871964787681798	1.08138246909397
401	0.024441125372044	-1.4215222131613705	1.0	0.0	-0.5518207938279379	0.7294502561042351	B2	401	0.416502491862716	0.371382546084973	0.633832727114365
243	0.1640491851783853	-0.6349282429298715	1.0	0.0	0.8681701631563481	-0.5611965282485419	B2	243	1.48244098394491	-1.24068304414465	1.73031811007768
107	2.505180527543909	-1.2600086040654477	1.0	0.0	0.7262504583960367	-0.4307992020853381	B3	107	-1.13210863595693	0.479113626661238	-1.56296622564352
386	0.5429663518299074	-0.3515988379695028	1.0	0.0	0.6361493273442497	-0.8933433333160953	B3	386	-0.544213920615126	0.0943483987549832	-0.742451229248762
90	1.3263850865010316		1.0	1.0	2.1497157962418174	-0.0951275638289515	B3	90	-0.123021396945538	0.584708744638207	0.258426919134879
359		0.2456661714447876	1.0	1.0	-1.010236868117858	1.2377386081497168	B3	359	-1.01818400664782	2.70689103153848	-0.736411170974868
75	-2.114476477667718	-0.5526641897761696	0.0	0.0	1.020059747279963	1.6036070810802667	B1	75	-1.2386459290929	-1.08396716080357	0.53095029374935
26	0.1959405101105897	0.7407513064839535	1.0	1.0	-0.2592977286319428	0.0570358458323569	B2	26	0.179204261620817	1.98212082136632	-1.74323255012925
436	-0.7686850358271917	-2.5143419880300866	0.0	0.0	-0.9721467722081952	-0.7446821129490644	B1	436	-0.183655679680401	-0.89949432185981	-0.709872187274793
435	1.5642134356006847	0.5106401356154838	1.0	1.0	-0.5611965282485419	-1.813422352445905	B3	435	0.166796515737489	-0.125374640293625	0.0127264778716913
9	-0.4467807695397318	-1.2578575928423548	0.0	0.0	-0.2241948118815019	-0.8034926266352286	B2	9	0.832119089619467	0.743684102977159	1.4746796732347
393	0.3267793004276556	-0.5859626268400073	1.0	0.0	0.1124562579443339	-0.8848696262558821	B2	393	-1.17629915685666	1.22302514103282	-1.64891740853755
193	-1.5321020124626434	-0.3926918515697784	0.0	0.0	0.0485016949386254	-0.0897247206880752	B1	193	1.15231800216468	0.594526314383486	1.49937846443481
498	-1.8171186074532928	-0.0156568843362261	0.0	0.0	-1.3859563214470878	-1.1445325100301038	B1	498	-1.46506280238144	1.17424105978661	0.642855642554621
300	-0.8655455001063305	-0.7000910464946777	0.0	0.0	-0.6528662364260229	0.3963812215631262	B1	300	-0.233735457417624	0.234001376530343	-0.279210500761352
323	-1.883674023142972	-0.7429788972407904	0.0	0.0	0.6639986494873168	0.9365883769687702	B1	323	0.628597759786413	0.871057057558597	0.878410823840972
238	-0.4535321516545124	-0.6380248204283618	0.0	0.0	-0.2080769141106961	-1.816838558589968	B2	238	0.17719004528226	-0.193701321174802	2.39465797007541
55	-0.9899916360986122	0.2205328932586634	0.0	1.0	0.0465913449658079	1.061148449388181		55	0.19044941960321	-0.0120025498001641	0.994938056990633
236	-2.372718822624928	-2.22653169151592	0.0	0.0	-0.1669013948228953	0.7332632139169448	B1	236	0.375248849183357	1.88760055391672	-0.256481599828999
199	0.0266522861024217	0.9289638283088296	1.0	1.0	-1.2445426736592071	0.9195632859199347	B2	199	2.63318259159922	-1.37220135481674	-1.07011609149891
274	-1.0887963283029611	0.0941439533157155	0.0	1.0	-0.475529391106999	0.0795044121255299	B1	274	-1.26764883299582	0.602765703689368	0.20167773869961
101	0.3489648675330413	0.5429663518299074	1.0	1.0	-1.816838558589968	1.0313282851738683	B2	101	-1.45292711932486	0.443502488353178	-1.13128315823256
415	-0.2065160921398899	-1.816838558589968	0.0	0.0	-0.517780452691308	-1.0446790730803917		415	1.29204107155955	0.685314763403991	1.35338962435436
475	1.2043113720050476	-0.2484411448246332	1.0		-2.114476477667718	-0.5526641897761696	B3	475	1.88049273822024	0.758524313832996	0.815524985613147
45	-1.976222327221273	0.2094521519688968	0.0	1.0	-2.1190371131207306	1.679435844693952	B1	45	-0.739824907504471	-1.30905646878106	1.52321090007486
76	-0.6076341029698831	0.6335258906599922	0.0	1.0	1.574341948844662	-2.1190371131207306	B1	76	-1.43742182165094	-0.505799913163813	-1.07762545065595
491	0.7660599548056037	1.020059747279963	1.0	1.0	-0.3027911974132581	0.7462827401513036	B3	491	0.439708463348097	-0.100496086063684	1.19993066069441
19	0.6119067760087953	-0.6695465895569117	1.0	0.0	-0.0680890294273676	0.5882935940652537	B3	19	1.13251580815108	-0.265775299506002	-0.0622306805127668
137	-0.849622061183973	-0.8558456209545621	0.0	0.0	-1.8171186074532928	2.153525389108508	B1	137	0.346605932663756	0.770750900962366	-0.2274781373841
427	0.5643452560242491	-0.110277522919618	1.0	0.0	1.4745050564310078	-1.2351363670664182	B3	427	-0.164761291230633	1.19279208925353	0.0835927061035099
179	-1.4959269095746512	0.5950634513012234	0.0	1.0	-0.0300423123778464	-1.6712997326777923	B1	179	-0.616258050186511	-0.213352918058229	-0.206848220065374
314	-0.050027987070537	1.061148449388181	0.0	1.0	0.7848503716979157	0.0977745741751222		314	0.558474345090657	0.46862507716215	-1.33073599449416
99	2.213068368476612	1.31328879515592	1.0	1.0	0.913018265566958	-1.0212450480574558	B3	99	-1.42869342105159	0.78872631854699	-1.32537307288953
364	-0.4397850120995375	0.1124562579443339	0.0	1.0	-0.3061122364955118	-0.2484411448246332	B2	364	-2.40615948097953	-1.81461389360954	0.802839788167135
262	1.0510433172779925	-0.0153363090559028	1.0	0.0	-1.0057835319597124		B3	262	-0.111135443892226	-2.02513040821815	-0.595550283069873
134	-0.1688259831633778	-1.2351363670664182	0.0	0.0	0.8632834147663099	-0.2696729480003487	B2	134	0.720069270112552	-0.935145947387637	0.443871660569289
31	0.0862962213028851	-0.2696729480003487	1.0	0.0	0.7033250873409186	0.3766467524191239	B2	31	-0.704867333000956	1.32657624471891	-1.33679098153286
68	-0.2696729480003487	0.8022976145656721	0.0	1.0		0.9601642531802884	B2	68	-1.05053525281487	0.262030474106311	-1.6341839988117
479	-1.1399558386575048	0.6658237998926421	0.0	1.0	-2.5234296512650447	1.0173491056828072	B1	479	0.0701446752362957	-0.814190152930211	1.54613706801577
92	-1.1963740018230864	0.9365883769687702	0.0	1.0	-1.714950186712027	-0.5174737513107168	B1	92	-1.48611681075474	-0.960983764449003	-1.10120747231238
159	1.4936455086379186	-0.4378362565094535	1.0	0.0	-0.6946269492816117	-1.4215222131613705	B3	159	0.867271912923313	0.550421539001593	-0.606209597163998
231	0.1086125064282297	1.013249815371399	1.0	1.0	0.6736681336462624	0.0072657109833799	B2	231	-0.629131853656102	-0.549328075703398	1.62922107570998
195	-0.6186969481783715	2.2658417254598926	0.0	1.0	0.9453281558278972	-0.1419776926420219	B1	195	-0.51533276030488	-1.111301710122	-1.00163288726315
247	0.1165187005665861		1.0	0.0	-0.3887229530927819	-0.0020664157587947	B2	247	-0.676307216820063	0.455639497484506	0.988656830560121
133	-1.3859563214470878	1.5884402065569267	0.0	1.0	0.5573349116266615	0.2330906457766794	B1	133	1.40246708059836	0.502745109733989	-0.944177272188536
60		-0.8655455001063305	0.0	0.0	0.2833781943622123	-0.5132181734188253	B2	60	0.504605771212752	0.681252342506506	-0.904607552825463
378	-0.2312557236955618	-2.114476477667718	0.0	0.0	1.4205846188601483	0.1445135633062106	B2	378	-0.397429042886146	-0.30562148009681	0.120362124409584
3	-0.6501615855731889	-0.9433895891176975	0.0	0.0	-1.2230942245689198	-0.3887229530927819	B1	3	0.0711531925667286	0.0863906292357564	0.14254739715665
277	-0.2241948118815019	-0.8933433333160953	0.0	0.0	0.5466104498110623	-0.5458519940698457	B2	277	-0.38880461324062	1.68072282441877	-1.55548606060339
260	0.1357209008468077	1.1280827301911354	1.0	1.0	-0.0020664157587947	0.118865859291617	B2	260	-2.89904313683447	-0.665617585302284	-0.32470371115627
47	-1.2379452021381565	0.7655351504255072	0.0	1.0	1.7337564931524567	1.6530274769204985	B1	47	1.85238519526021	-0.706549112690604	-0.261031628260632
184	-0.5678566487451827	-0.3132783521173577	0.0	0.0	-0.4769402620727404	0.6454664759221705	B1	184	1.32361093350711	0.726199653116666	-1.20705098917927
51	0.6454664759221705	-0.0201894800269186	1.0	0.0	-0.5965740298455487	0.3267793004276556	B3	51	-0.980701226576033	-0.344572505242403	-0.345634149621111
387	-0.2488661365178917	-0.6186969481783715	0.0	0.0	0.3875310056049545	-0.4683803455991253	B2	387	0.10566817085088	-0.228181117759124	-0.221996955410298
182	0.0074418075185122	0.9059888912622454	1.0	1.0	2.153525389108508	-0.2065160921398899	B2	182	-0.754582244072964	0.558863580112927	2.22272421500294
454	0.5106401356154838	-0.2312557236955618	1.0	0.0	1.2377386081497168		B3	454	-0.19355636344534	-0.416879433808446	-1.31833494834954
420	-0.0696760069878358	-0.0784911159076919	0.0	0.0	-0.119456479735899	0.2299383937915558	B2	420	0.6982079781091	-0.255827825174668	-0.801982390755466
258	-2.1157735686133883	-0.4267761781290719	0.0	0.0	-0.849622061183973	-0.2488661365178917	B1	258	-1.64340825575722	-1.71647380349127	0.624636435244488
145	2.2658417254598926	0.9366889840084336	1.0	1.0	-0.6592080848536208	-0.6813055796709735	B3	145	1.35683552548457	0.71545062816494	0.480718819473869
330	0.2825803847207173	-0.4214170300624045	1.0	0.0	-0.5678566487451827	-2.114476477667718	B2	330	-1.94058845096277	-0.856316424989464	-1.0908984822071
251	0.0072657109833799	-0.2871721612474389	1.0	0.0	-0.5174737513107168	0.017149909504142	B2	251	-0.297578949619101	-0.304572573458164	0.820639931338014
128	-0.451512577695711	1.2606692333542373	0.0	1.0	-0.3105668719151074	-1.2578575928423548	B2	128	-1.48635114845613	-1.07099393611687	-0.830055469382584
407	0.6642443953751778	0.3267793004276556	1.0	1.0	-0.0512614588505235	-0.0512614588505235	B3	407	-0.284188972855081	1.31926052837367	1.20558354387342
125	0.4086993228879941	1.0300254802129547	1.0	1.0	1.6530274769204985	0.3489648675330413	B2	125	0.0111936474428609	0.380086793801876	1.81260457198851
403	-0.0125597048288464	0.0411481767643575	0.0	1.0	1.426414899954135	0.7033250873409186	B2	403	0.138571094768104	1.00722231541159	1.94388506551436
239	0.2005974554204672	-1.7404106776289252	1.0	0.0	0.0401892679038447	-0.7686850358271917	B2	239	-0.188329921279762	0.319697619525775	0.0080506741671171
69	-1.071043452154829	-0.3025923417388714	0.0	0.0	0.7873316028203755	-0.050027987070537		69	1.21927685400957	-0.857445715909335	-0.594636964825966
244	-0.2881325891992889	1.1224222088370677	0.0	1.0	0.5010288555718972	0.5466104498110623	B2	244	1.68422348507766	-1.12591550053402	-1.06202319844172
235	0.6361493273442497	-0.8191888326171307	1.0	0.0	0.9059888912622454	-1.7606788880705646	B3	235	-1.47169674493235	-2.51801462427645	-0.565532684958423
273	-1.5571441883774877	-0.1301811890981234	0.0	0.0	-0.8221081713776588	0.2856382005948471	B1	273	1.41631965677878	0.40590149419227	-0.776581169847057
223	-0.5611965282485419	-0.8473514861984687	0.0	0.0	1.3935867757798692	1.3907852235803375	B1	223	-1.73483240099147	1.15510538447811	0.744813039979084
379	0.0411481767643575	-1.6278769464058696	1.0	0.0	-0.110277522919618	0.6119067760087953	B2	379	-1.4104795179153	0.152843003542133	1.6088215156232
40	0.274954268508773	-0.2857218326631238	1.0	0.0	1.2778380357634742	-0.2821553821087086	B2	40	0.535504325816876	-1.17772515604129	-0.636974061582677
293	-0.4214170300624045	1.2377386081497168	0.0	1.0	0.3363852971887504	1.2778380357634742	B2	293	-1.49109063118087	-0.952864885483231	-0.648197148440543
129	-0.1914051114382599	-0.2080769141106961	0.0	0.0	-0.8933433333160953	-0.5859626268400073	B2	129	0.430022245376917	-0.0046920151320435	-0.46713689804785
34	1.5304525959622932	1.5394566797469251	1.0	1.0	1.2074649724277058	-1.714950186712027	B3	34	-0.252690865124064	1.23747530714928	-0.0517462476666047
321	1.30110161745003	0.4086993228879941	1.0	1.0	0.6658237998926421	0.0196980382411425	B3	321	1.05242687576023	0.11435781464134	-1.2750296485476
483	-1.589591178874074	-0.5518207938279379	0.0	0.0	-1.6712997326777923	0.7748006221315341	B1	483	-0.838546037838302	-1.36990425123737	0.392828897434324
7	0.9245092282950892	1.641895301641597	1.0	1.0	-0.6679020556063455	-1.589591178874074	B3	7	0.124570790547411	-0.561055497363546	0.266002220960573
283	0.7033250873409186	0.8146794446207906	1.0	1.0	0.9289638283088296	-1.156810978360592	B3	283	-0.464676156313911	0.78832301597018	0.933006648642985
36	0.4118304659618171	-0.6592080848536208	1.0	0.0	0.1041795024208633	0.5185603274229008	B2	36	0.0813075115319745	-0.087716758923924	0.100410038903451
328	2.851634453916995	0.706410116238176	1.0	1.0	-0.3044880253487302	-0.3044880253487302	B3	328	-0.848363397809302	-0.917608912846968	0.552862656060789
360	0.0795044121255299	0.1032678010911094	1.0	1.0	-0.2505242457789806	0.3363852971887504	B2	360	0.643991543128254	-0.84244496364137	0.0043795663673041
77	0.7748006221315341	1.4523360524496092	1.0	1.0	0.1331901630236067	0.7035825230515401	B3	77	-0.61144987235439	1.09389573161241	0.915378408790216
400	0.2677517204111873	2.505180527543909	1.0	1.0	0.5405485678497597	-1.071043452154829	B2	400	0.674723374180998	0.877810943242963	0.155783475742268
167	0.054506861562713	1.2778380357634742	1.0	1.0	-0.0897247206880752	-1.1399558386575048		167	1.65738740105425	-0.168396179630893	-0.391093556590735
267	0.9366889840084336	-0.6176835872308691	1.0	0.0	0.1091604261932204	-0.451512577695711	B3	267	0.873981222118058	0.130636382839266	0.223138783736783
105	0.2558071082994665	2.6072042439689764	1.0	1.0	-0.2927710750283572	0.1669552056864097	B2	105	-0.0830454257821562	-0.447210910574869	0.718339375016038
467	0.2330906457766794	-0.8475714740581328	1.0	0.0	1.2606692333542373	-1.614633788145904	B2	467	-2.05095990457672	-0.717641462001806	-0.434291460991705
453	0.9289638283088296	0.7035825230515401	1.0	1.0	0.4086993228879941	-0.8030871260696271	B3	453	-0.109528854075021	1.29851845650738	1.21485370791291
25	1.061148449388181	-0.4719856841236639	1.0	0.0	-0.1255644094578015	0.4118304659618171	B3	25	-0.288227411101263	-0.773639775533156	0.918378798010682
446	-0.0058960678713197	1.0313282851738683	0.0	1.0	-0.6349282429298715	1.1280827301911354	B2	446	-1.45168435143579	0.461979227971236	0.705776365553554
286	-1.6278769464058696	-0.5935982739213578		0.0	-0.0852041770173246	-0.4397850120995375	B1	286	0.64560171538111	1.19921535710876	-0.360792071066905
204	0.5010288555718972	-1.6775958547520566	1.0	0.0	-0.0661009320924428	1.2716437121248283	B3	204	-0.635434530912397	-0.783691703875507	-0.241253478697975
180	0.5405485678497597	-1.6712997326777923	1.0	0.0	1.6036070810802667	2.505180527543909	B3	180	-0.258221445691404	1.13323440192968	-0.520510426658636
124	-0.5558287669378148	1.6073233297076983	0.0	1.0	0.4021008709651108	0.3072979372247395	B1	124	0.895207300368696	0.245650549532927	1.34382738721527
144	-1.316796818445614	-0.0661009320924428	0.0	0.0	-0.6176835872308691	-0.6164650319402739	B1	144	0.639338644011505	0.149843448572823	-0.418168329086757
405	0.1331898731839282	-1.0918707470545093	1.0	0.0	-0.1747777783307673	-0.2080769141106961	B2	405	-0.515549291460727	-0.761080273866144	1.49489860185877
325	-0.6891721537433959	2.851634453916995	0.0	1.0	-0.1396620902625725	0.1124562579443339	B1	325	-0.263263415095149	-1.44171449442434	-0.308858102387813
175	-0.94778799533194	-0.0299600470960396	0.0	0.0	0.0266522861024217	-0.065056323093507	B1	175	-0.736899573490554	0.475328905667524	-0.486614757521328
59	-0.4378362565094535	0.7262504583960367	0.0	1.0	-0.065056323093507	1.823814812172757	B2	59	0.358719740827443	-1.33502048770872	-0.263817757991046
54	-1.7404106776289252	0.1145164389832793	0.0	1.0	1.679435844693952	-0.4774086494408861	B1	54	-1.03887288283886	0.120699005791946	-1.69087920435963
172	-0.3132783521173577	-0.6404979013481404	0.0	0.0	0.405703045213449	-1.3848053256406825	B2	172	0.263414370073657	1.46655819123308	-0.440357980899672
402	-0.5518207938279379	1.3148209110260505	0.0	1.0	1.823814812172757	1.4745050564310078	B1	402	0.936820455308487	0.374779777022824	-1.16031064831011
13	-1.813422352445905	-1.1901009194357142	0.0	0.0	0.4301393873631534	0.7233028036905063	B1	13	-0.418092416107334	-1.22068710435991	-0.25828255958323
361	2.1497157962418174	-1.2993293254003837	1.0	0.0	-1.980776740834876	0.4301393873631534	B3	361	0.845439889290235	-0.656289941005438	-0.194854955864464
123	1.2083545960448898	-0.119456479735899		0.0	-0.3366711458816414	-1.5571441883774877	B3	123	-0.991173875599332	-0.321572448363572	-0.236993428622127
84	0.9386731103091898	0.7062942755405903	1.0	1.0		0.0786411099917448	B3	84	1.01833141709715	-0.343103002784949	0.614665471191135
448	-1.2696437250217552	-0.2086823379220931	0.0	0.0	-0.4307992020853381	-0.1251806509698531	B1	448	-0.323154618456321	0.556172618285506	-0.65020645754813
149	-2.3589818092376342	-0.624780748917754	0.0	0.0	0.2299383937915558	0.1596833722810868	B1	149	0.974528118011505	0.700687451289159	-1.96272108587345
176	0.480091253702452	1.426414899954135	1.0	1.0	-1.2351363670664182	-0.8191888326171307	B2	176	-0.705382244908399	-0.317658781371191	-0.950665118202799
382	-2.1190371131207306	-0.6813055796709735	0.0	0.0	-0.0396294586927375	-1.5253493737129329	B1	382	-1.10574447253708	-2.08945842089725	1.25622755105695
50	0.0465913449658079	0.0862962213028851	1.0	1.0	-0.2065160921398899	0.6361493273442497	B2	50	-1.28379457125631	-0.382175768757946	0.520030874615731
369	1.492872875389211	-0.8717433837106624	1.0	0.0	-2.22653169151592	-0.3866940870263237	B3	369	0.443331659603023	-1.78033791585069	1.64559431645404
186	-0.1707621890915518	-0.1255644094578015	0.0	0.0	-0.3866940870263237	-1.298832108780333	B2	186	1.02960288576369	-0.915563518318848	0.224463903618335
455	-1.3219451447015316	-0.2488661365178917	0.0	0.0	-0.3606425914729865	-2.3144897119335965	B1	455	-0.411465876118703	-0.086353157737709	-1.88835452998271
418	-0.1851842265888466	0.2330906457766794	0.0	1.0	-1.0918707470545093	-0.2871721612474389	B2	418	0.148853156447729	-0.418646580112241	-0.0087551087399765
388	1.3935867757798692	-1.883674023142972	1.0	0.0	0.2094521519688968	-0.2592977286319428	B3	388	1.08989772734619	1.07364626904529	0.762173293406158
256	0.4980033880636772	0.6639986494873168	1.0	1.0	0.2856382005948471	-0.6380248204283618	B2	256	1.44477711575254	0.102540189204669	0.119666699672157
39	1.7510265942816932	-0.9560329682714308	1.0	0.0	-0.3025923417388714	0.2833781943622123	B3	39	-0.665550531017432	1.60151461457328	-0.578031352497875
312	0.9874048999158505	1.3436149731702158	1.0	1.0	3.5965463607888486	-1.3434267805209248	B3	312	-1.31711372445576	-0.382572814059577	-0.698393008336702
67	0.4021008709651108		1.0	1.0	1.3056699098740336	-0.1301811890981234	B2	67	0.515181246442935	1.03283997845031	-0.598311429953097
336	-0.4719856841236639	0.8632834147663099	0.0	1.0	0.9601642531802884	-0.5552597332076762	B2	336	1.01683887092612	-0.486724368684249	-0.0083595390373688
468		1.2573937760035447	0.0	1.0	2.5740374683027536	0.7660599548056037	B2	468	-0.791287688998045	0.619984113947591	-0.191140071315513
174	-0.6592080848536208	1.2310204712452886	0.0	1.0		-0.4267761781290719	B1	174	0.775355123038991	-0.345255487752741	-0.432940728990831
178	-0.065056323093507	-0.1851842265888466	0.0	0.0	1.0300254802129547		B2	178	0.291626211880807	-2.24414390554635	-0.6114433881961
445	0.5867431709972836	-0.6076341029698831	1.0	0.0	-0.3926918515697784	0.1041795024208633	B3	445	0.0943440845394678	0.048931842077725	-0.382348837456813
265	0.5590372219564149	-1.4959269095746512	1.0	0.0	0.2005974554204672	-1.6327825926249715	B3	265	-1.20599790707864	-0.668896146097892	-0.285472859290853
380	1.3148209110260505	1.3777981524996168		1.0	0.4419788612843269	0.6642443953751778	B3	380	-0.178517695940274	0.293126647080975	1.04376969864201
91	-0.6164650319402739	0.1165187005665861	0.0	1.0		0.2558071082994665	B1	91	1.34707751342789	0.241851724594599	1.7743815928603
46	1.31328879515592	-0.8030871260696271	1.0	0.0	-0.6404979013481404	0.6554963064376974	B3	46	1.41317473388373	-0.603924429292353	-0.203040768129117
158	-0.3965127185254764	-0.1519268773269188	0.0	0.0	-0.2857218326631238	0.4419788612843269	B2	158	-1.00666688093144	0.27389584173868	1.25113180056298
489	-0.2871721612474389	0.1669552056864097	0.0	1.0	0.024441125372044	0.0401892679038447	B2	489	1.90188671459261	0.945309117844356	0.270334048921035
234	0.5853901243650999	0.3261583219287441	1.0	1.0	-0.0696760069878358	-1.0789380083099478	B3	234	0.0055302906322214	0.548837223017019	0.998310060979668
406	0.4848969609561479	0.2756586771941889	1.0	1.0	1.0313282851738683	0.5867431709972836	B2	406	1.57382617280842	-0.6285950389952	0.221592151733597
350	-1.4985341158085754	-1.2379452021381565	0.0	0.0	-0.6164650319402739	1.65558791310931	B1	350	0.127431832080324	-0.632802305886436	-0.50627913852573
494	-0.0784911159076919	-0.0376491372390905	0.0	0.0	0.1165187005665861	-0.0299600470960396	B2	494	-0.996123733624525	0.0915562557433139	0.846450462395275
492	0.0485016949386254	-0.0396294586927375	1.0	0.0	1.7972793724047749	0.4153394063226016	B2	492	-0.470814417895129	0.0876334399810952	0.0778379117905729
10	0.913018265566958	0.2299383937915558	1.0	1.0	-7.926457716849677e-05	0.706410116238176	B3	10	1.19036673925773	-0.918912693235152	1.00113959536299
496	-2.016184028763443	-0.0125597048288464	0.0	0.0	0.3261583219287441	1.5304525959622932	B1	496	0.537127981267897	-0.0564681049010715	0.48119562320416
230	1.013249815371399	0.2701348755255361	1.0	1.0	0.9245092282950892	1.6503819866189111	B3	230	-1.41202933071188	0.0433877791285629	-0.0803230747661825
83	0.2456661714447876	-0.9302463996121688	1.0	0.0	1.4523360524496092	-0.4601117935870594	B2	83	0.621800798547842	-0.0411897312845134	0.326220002147429
279	0.0196980382411425	-1.156810978360592	1.0	0.0	-0.0125597048288464	-1.3101439365860013		279	1.37756660256157	-1.09914891659094	-0.112098933740495
297	1.1565871160947805	-1.9500708808705016	1.0	0.0	-0.624780748917754	-1.976222327221273	B3	297	1.10716329206117	0.275315611994426	0.726923493424635
316	0.8146794446207906	0.0266522861024217	1.0	1.0	1.7510265942816932	-0.3042705277753159	B3	316	-1.00348096735362	0.0952170340869715	-0.20894959044786
263	-0.9143361188838738	-2.5234296512650447	0.0	0.0	-1.156810978360592	0.6639986494873168	B1	263	0.296956907479138	-1.49235331862979	0.674294916418284
74	-0.2592977286319428	0.2394399760935049	0.0	1.0	-0.7686850358271917	1.0300254802129547	B2	74	-0.304781057115279	-0.899765409637697	-0.911192242073904
451	-0.0661009320924428		0.0	0.0	0.822230557498965	-0.5558287669378148	B2	451	-0.556550139004402	-0.887450564229401	0.0246591820773215
130	-0.0376491372390905	-1.9116579659512944	0.0		0.0862962213028851	-1.2648304446149456	B2	130	0.782370060240196	-1.15989373062202	-1.17827870092203
362	-0.3042705277753159	-1.2586337442612614	0.0	0.0	1.0173491056828072	0.7177935231258309	B2	362	2.17243394080198	1.499611543096	0.502358577899669
110	0.7040291497308593	0.6801247297121218	1.0	1.0	1.1224222088370677	-1.0125163790266498	B3	110	1.58554022854969	-0.007249716218053	-1.11900650247014
317	-0.5526641897761696	-1.0777725703353438	0.0	0.0	1.1825833509904309	0.8146794446207906	B1	317	1.06190967772141	0.938709503535816	-0.191898660438186
478	0.8681701631563481	1.679435844693952	1.0	1.0	-0.0058960678713197	-1.7090986597057412	B3	478	-0.426800286844427	-2.13199751519076	-0.889888607904783
327	-0.0852041770173246		0.0	1.0	-0.1914051114382599	-0.0396294586927375	B2	327	0.721356341862245	1.92071654161163	-0.953374022528519
150	1.020059747279963	-0.0136163127730196	1.0	0.0	0.6917746087291479	-0.7000910464946777	B3	150	0.434609242618411	1.06890916681593	-0.75356705741942
250	-1.2541501943392634	-0.5611965282485419	0.0	0.0	0.0977745741751222	1.2573937760035447	B1	250	-0.989528415514397	0.839136294267078	0.358362266762923
434	-1.0212450480574558	1.0303745125812631	0.0	1.0	-0.0201894800269186	1.2310204712452886	B1	434	0.320803185489027	-1.51000030797827	-0.5238142805057
229	-0.7000910464946777	-1.0887963283029611	0.0	0.0	-0.1707621890915518	0.8377731253742943	B1	229	0.980923357579053	-1.36753072430618	0.501720860018512
373	-0.3287910850620258	-0.0680890294273676	0.0	0.0	-0.6891721537433959	-0.1669013948228953	B2	373	0.56175250763996	0.368582315379003	0.299124792547437
23	0.405703045213449	0.5867431709972836	1.0	1.0	-0.0979342159224097	-0.8473514861984687	B2	23	-0.351735264827349	-1.8897756276129	-1.31446887736062
140	-0.591996102804245	0.5882935940652537	0.0	1.0	-1.2541501943392634	1.187231623861802	B1	140	-0.888389791747243	0.232247159480735	0.499389375456319
118	-7.926457716849677e-05	-1.8171186074532928	0.0	0.0	0.3489648675330413	-0.0852041770173246	B2	118	0.442700323648412	1.00456272654013	-0.443199964334976
94	-1.6775958547520566	-1.9897038536605167	0.0	0.0	1.1103498482848737	-0.5678566487451827	B1	94	-1.44188156628395	0.260944168274445	0.399639205570009
49	-0.2086823379220931	-0.5375714580159776	0.0	0.0	0.0411481767643575	-1.4112071973049491	B2	49	-0.717470008055363	-1.44512231702472	0.355989548318291
201	0.1032678010911094	-0.0685021082013393	1.0	0.0	-1.7404106776289252	2.851634453916995	B2	201	0.0618158070410208	-0.257104455391491	0.700960192076722
200	-0.8558456209545621	0.6119067760087953	0.0	1.0	0.1032678010911094		B1	200	-0.300070178621705	0.116053618430679	-0.128957573780873
295	-1.070382200424481	-0.1914051114382599	0.0	0.0	0.0292488140082527	-1.579481582437942	B1	295	-0.335530289243836	-1.56795725710696	-2.19360085121039
469	-0.4307992020853381	1.4745050564310078	0.0	1.0	0.118865859291617	-1.3859563214470878	B2	469	-0.661430923721985	-0.0264585781045273	-0.815567832840785
268	0.3807668974676348	0.9601642531802884	1.0	1.0		0.2677517204111873	B2	268	1.15137901211244	0.269341912478004	-0.370276060801822
413	-0.0153363090559028	0.0074418075185122	0.0	1.0	-1.2696437250217552	-0.7357404438785312	B2	413	1.33158903264638	-1.01907899097234	0.98033162542721
458	-0.5935982739213578	-2.372718822624928	0.0	0.0	0.3072979372247395	-0.9899916360986122	B1	458	0.435994231991519	0.490238626736052	0.465480501523705
255	0.4301393873631534	0.4512065804874292	1.0	1.0	0.2756586771941889	0.2005974554204672	B2	255	1.96977235146495	-1.56438387774728	0.595399026635289
80	1.0353397078763549	0.0786411099917448	1.0	1.0	1.187231623861802	-0.2505242457789806	B3	80	-1.0628773718348	0.938054224929031	-1.07536881040853
211	0.1023296615040254	-0.6679020556063455	1.0	0.0	0.5853901243650999	0.1331901630236067	B2	211	-0.968055736721857	-0.638630086897045	1.40318747864031
383	-0.7357404438785312	-0.5678566487451827	0.0	0.0	-0.9143361188838738	0.8681701631563481	B1	383	-0.979730638517688	0.0244491496356701	0.0131309866640956
226	0.7262504583960367	0.6454664759221705	1.0	1.0	-0.5458519940698457	0.7819900863897892	B3	226	-0.377051472458811	-0.762275563055573	0.738733077024699
278	-0.5375714580159776	-0.1688259831633778	0.0	0.0	-1.0446790730803917	1.7337564931524567	B1	278	0.712520575225716	-0.783525953643761	-0.0692911345356956
98	-0.2927710750283572	-1.976222327221273	0.0	0.0	-1.3434267805209248	1.1825833509904309	B2	98	0.573709971323814	-0.986655769988478	-0.971784839773789
136	-0.1301811890981234	0.0795044121255299	0.0	1.0	-0.9302463996121688	0.2456661714447876	B2	136	0.11060517957052	-1.04605134276557	-1.12208334105097
381	0.4153394063226016	1.0173491056828072	1.0		0.7462827401513036	-0.2927710750283572	B2	381	-0.948112187155606	-0.104263127842352	2.01674968189082
391	0.2833781943622123	-0.2505242457789806	1.0	0.0	0.7035825230515401	-0.3515988379695028	B2	391	-0.286124446529293	0.865896478013803	-0.807980429679611
72	-0.9302463996121688	-0.4397850120995375	0.0	0.0	0.7655351504255072	-0.3926918515697784	B1	72	-1.09299550519151	1.44830224283004	-2.16743621882942
396	-1.6327825926249715	0.2825803847207173	0.0	1.0	0.7407513064839535	-1.2445426736592071	B1	396	0.53313024140876	0.823257011438389	0.324712688536363
232	1.5378432998509857	0.2677517204111873	1.0	1.0	1.1402191818385523	1.492872875389211	B3	232	1.70458554314851	-0.127408146304953	-0.247666680166544
86	3.5965463607888486	-0.2744230179428616	1.0		0.3807668974676348	0.7111556836519528	B3	86	-2.19013321410478	-0.965279741272168	1.67709773629732
282	-0.4601117935870594	0.0977745741751222	0.0	1.0	1.2083545960448898	-1.2696437250217552	B2	282	-1.04676495729127	0.560383614998423	-0.620929998169237
27	-0.2497958172020347	-0.2569614554903415	0.0	0.0	0.3331349454598871	1.4766090213622798	B2	27	-2.99510044590467	1.01591614247507	-1.30656023151223
170	-0.2322606333251013	1.5304525959622932	0.0	1.0	-1.3219451447015316	1.0510433172779925	B2	170	0.503095045815024	0.620836572358743	1.32907834680476
93	-2.5234296512650447	0.5590372219564149	0.0	1.0		-0.1236531528002883	B1	93	0.602164533183808	1.11310413285595	-0.986378172755791
298	-0.6679020556063455	0.1086125064282297	0.0	1.0	0.5185603274229008	-0.3025923417388714	B1	298	-0.376045966162074	-0.545860364876667	0.695162762922577
429	-2.22653169151592	-1.0125163790266498	0.0	0.0	0.7294502561042351	-0.6349282429298715	B1	429	1.6625574780885	-1.6267191199893	-1.60935036726086
22	-2.5143419880300866	0.7748006221315341	0.0	1.0	0.9013174516851364	-0.3440947789770541	B1	22	-0.127426361484408	0.111646074875877	-0.374605100762307
38	-1.3848053256406825	-1.614633788145904	0.0	0.0	-0.5375714580159776	1.2606692333542373	B1	38	-2.30071562796601	0.300738731314805	-0.587279800319767
474	-0.0951275638289515	0.4943858268242408	0.0	1.0	0.0941439533157155	1.1103498482848737	B2	474	0.478443080714877	-0.247911441813345	-0.389620540233551
147	1.004242318973581	-0.3808633841949227	1.0	0.0	-0.451512577695711	-2.22653169151592	B3	147	-0.0417901194712151	-0.740058558181522	-0.880215881028116
81	0.7294502561042351	-0.0696760069878358	1.0	0.0	0.5106401356154838	-1.4985341158085754	B3	81	-2.0725041748917	1.28659123477811	-1.27480582537542
109	-0.0156568843362261	2.213068368476612	0.0	1.0	-1.0125163790266498	-0.6404979013481404	B2	109	-1.68813107977496	1.16438431893709	2.03822965391838
419	-0.2484411448246332	0.7111556836519528	0.0	1.0	-0.3287910850620258	0.9289638283088296	B2	419	0.9634192645878	2.06024524083206	1.4282865686655
352	-0.6528662364260229	0.3331349454598871	0.0	1.0	-0.8655455001063305	0.9366889840084336	B1	352	0.735555560160039	-0.0103500057568764	-0.288778640557989
210	-0.475529391106999	1.004242318973581	0.0		-0.5859626268400073	0.5230500717020431	B2	210	-1.54623884763307	0.583293080796527	-1.01858438189806
465	-0.8848696262558821	-1.316796818445614	0.0	0.0	-0.3886448388454457	-0.7429788972407904	B1	465	-0.393540020013427	0.193263006981446	-0.245017187295811
497	1.3436149731702158	-0.0058960678713197	1.0	0.0	0.0918757077204004	0.5853901243650999	B3	497	-0.0511684766636894	1.20246232935816	0.693052533966201
189	-0.0680890294273676	-1.6327825926249715	0.0	0.0	-0.6380248204283618	0.5573349116266615	B2	189	0.9829607592393	-0.0244241933878937	-0.425470731739842
290	-0.5965740298455487	-0.3366711458816414	0.0	0.0	-0.0156568843362261	-0.1796523113732493	B1	290	-0.296467972076117	0.444850043146052	1.20300225757892
44	1.679435844693952	0.7233028036905063	1.0	1.0	1.3777981524996168	-1.0777725703353438	B3	44	-0.346445574383567	0.367702234607877	-2.01861235544002
191	-1.0777725703353438	-0.2592977286319428	0.0	0.0	0.1001572162215673	2.6072042439689764	B1	191	-0.244180929885842	-1.82173257463395	0.394327358484765
424	1.1103498482848737	0.9839962897711908	1.0	1.0	-0.5935982739213578	1.1992281082636649	B3	424	0.521884516147666	-0.417526584412931	-0.906475641944693
363	-0.3025923417388714	-1.2696437250217552	0.0	0.0	-1.883674023142972	-0.1439559514132748	B2	363	0.478976866575967	-1.17700453542394	-0.617667076190438
430	-0.9560329682714308	-0.0897247206880752	0.0	0.0	-1.9500708808705016	1.5378432998509857	B1	430	0.153377215776703	0.139804711923426	-0.578691503310998
347	0.0977745741751222	-2.3589818092376342	1.0	0.0	0.8022976145656721	-1.2600086040654477	B2	347	-0.45001370605832	0.684382356816486	-0.55071117530745
410	-0.8034926266352286	-1.7090986597057412	0.0	0.0	0.0021879911560499	0.2394399760935049	B1	410	-1.04365171199321	-1.07757830499426	0.402542715177659
157	0.0401892679038447	0.4021008709651108	1.0	1.0	-0.3865037693784083	-0.0784911159076919	B2	157	1.93391937196771	-2.14759361064734	0.103062267210891
24	0.5185603274229008	-1.0212450480574558	1.0	0.0	-1.4985341158085754	-0.475529391106999	B3	24	0.556201645642524	-0.927216741194837	-0.670921897387582
100	1.3907852235803375	-0.9899916360986122	1.0	0.0	0.3766467524191239	6.66	B3	100	-0.606025357733767	0.501351903678155	-0.154203629882223
5	2.153525389108508	0.3807668974676348	1.0	1.0	-0.4378362565094535	-0.0680890294273676	B3	5	-0.0373289339713292	-1.02834354890759	0.113500249292194
37	1.0173491056828072	0.7175824082953346	1.0	1.0	1.6700071185481635	0.7040291497308593	B3	37	-1.13911071553845	1.29564833748642	-0.478956382232604
214	1.0188064707179392	-1.0057835319597124	1.0	0.0	0.4512065804874292	-2.016184028763443	B3	214	-0.366134409356681	-0.666235621241421	-0.505336833078742
71	0.9059888912622454	-0.9721467722081952	1.0	0.0	0.9366889840084336	1.069953907594907	B3	71	-0.359877890356401	-3.5067326146456	1.37036291074209
216	0.8022976145656721	0.1640491851783853	1.0	1.0	-0.2322606333251013	-1.2379452021381565	B3	216	-0.918308636321609	-0.0868765217265333	-0.509826529424641
171	0.7035825230515401	1.2716437121248283	1.0	1.0	0.274954268508773	-0.9705425801141658	B3	171	-0.833086643323573	1.57378927452153	0.282482508773599
70	0.5466104498110623	0.3363852971887504	1.0	1.0	0.553949147355921	-0.94778799533194	B3	70	1.67375624667927	-0.548726446385269	1.75395956332388
21	-0.3865037693784083	-0.5855466346375702	0.0	0.0	-2.0962224712289843	0.9386731103091898	B2	21	0.020249216380171	0.207516653723503	-0.0720650681777961
252	2.6072042439689764	1.7877305550184646	1.0	1.0	-0.4389661673885548	-0.3865037693784083	B3	252	0.0466280488595221	-0.125534729133879	0.753705551836252
154	1.7972793724047749	1.574341948844662	1.0	1.0	1.0406689409301526	-0.1519268773269188	B3	154	-2.89482526571973	0.0142176828942394	-0.673661017251696
269	0.9453281558278972	1.187231623861802	1.0	1.0	-1.0777725703353438	0.6962558464296542	B3	269	-0.237522073285531	-1.16941542159274	-0.292375309742259
245	0.5230500717020431	-0.0951275638289515	1.0	0.0	-0.2821553821087086	0.7848503716979157	B3	245	-0.617850744913592	-0.719053349775352	-0.395999153143368
365	0.4503962039287424	-0.3886448388454457	1.0	0.0	0.6119067760087953	0.3730542303129533	B2	365	-0.706072441494411	2.02228197750379	-0.393308607676681
166	-1.0057835319597124	-0.1236531528002883	0.0	0.0	1.5304525959622932	1.30110161745003	B1	166	-0.137622766408917	-0.219358052457248	0.0236094358672588
11	-0.1236531528002883	-0.5132181734188253	0.0	0.0	0.4579547646635299	0.1640491851783853	B2	11	1.01766824645197	-0.583733242666349	0.595862997663805
324	1.4205846188601483	1.2043113720050476	1.0	1.0	0.4706100983663504	0.405703045213449	B3	324	-1.18536815436662	0.237656085500654	-0.0974493631407294
296	-0.517780452691308	0.5532311359350739	0.0	1.0	-0.1796523113732493	0.9453281558278972	B1	296	0.562029616139559	-1.00515927301376	0.471217907177394
213	0.4419788612843269	-1.3434267805209248	1.0	0.0	0.480091253702452	0.4512065804874292	B2	213	-0.0045760738607232	-0.525635302551504	-1.45373867624621
355	-0.1669013948228953	-0.2491731460170281	0.0	0.0	-0.4774086494408861		B2	355	-1.4921334606253	0.0760290066359275	-0.638203445360267
190	-2.3144897119335965	-1.3251833396320472	0.0	0.0	-1.5571441883774877	0.2448382699885931	B1	190	0.113277626559119	0.0683882014999158	-0.277787951143784
103	-1.714950186712027	0.3963812215631262	0.0	1.0	0.1331898731839282	-1.9790492535631856		103	-0.220676004523668	-0.494421188316861	1.36807060346171
485	0.2756586771941889	-0.0113866177185837	1.0	0.0	0.5882935940652537	0.0941439533157155	B2	485	-0.623694160458828	0.0617174904526453	0.223828879773566
411	0.0918757077204004	0.5230500717020431	1.0	1.0	-0.3394034459756072	1.2043113720050476	B2	411	0.337313503023761	0.0199790004416643	-1.01955597162537
148	0.5950634513012234	-0.4631773304001282	1.0	0.0	-0.8558456209545621	-0.6528662364260229	B3	148	0.208014563936714	0.310692176853491	0.336489601755259
62	0.118865859291617	0.8681701631563481	1.0	1.0	-0.6501615855731889	-0.4467807695397318	B2	62	-1.22455262725579	0.1509010640874	0.124649479798584
310	1.0894028037803278	0.5853901243650999	1.0	1.0	0.5867431709972836	-0.9433895891176975	B3	310	0.288925126152792	-0.790047372466064	0.774907436039824
185	0.2299383937915558	-1.2230942245689198	1.0	0.0	-0.1301811890981234	-2.109427602805172		185	0.451636911802343	1.05241988015365	-0.704114083257637
242	-0.2080769141106961	-0.7446821129490644	0.0	0.0	0.3420901284971981	1.0188064707179392	B2	242	0.119178273767935	-0.18779594966625	-0.665865387079382
88	0.8181457381771525	1.5642134356006847	1.0	1.0	0.5643452560242491	0.2756586771941889	B3	88	-3.32757908284742	-0.613034406172903	0.995413942815396
376	0.2394399760935049	-1.4112071973049491	1.0	0.0	-0.4267761781290719	-0.2857218326631238	B2	376	-0.338280840627237	0.64061716359716	0.495058300057172
346	0.017149909504142	-0.8034926266352286	1.0	0.0	0.5532311359350739	0.1165187005665861	B2	346	0.686550825661833	-0.528289957966227	1.48029842182583
78	-2.0962224712289843	-0.3440947789770541	0.0	0.0	-0.1895839551659786	-0.3366711458816414	B1	78	0.335552961558524	-0.151631851536941	0.520623670829672
41	-1.9897038536605167		0.0	1.0	-2.3144897119335965	-0.2881325891992889	B1	41	-0.10719986983704	1.66696346737119	-0.540441207204226
356	0.8377731253742943	0.5573349116266615	1.0		0.2394399760935049	-0.1649348560132909	B3	356	-0.363076454646316	0.341697577899652	-1.66226713422437
334	0.706410116238176	0.4706100983663504	1.0	1.0	-0.3515988379695028	0.2205328932586634	B3	334	0.764451579068619	1.47070599637375	-0.669689678089283
472	-1.0125163790266498	-0.517780452691308	0.0	0.0	-0.3440947789770541	1.020059747279963	B1	472	-0.428447500162837	0.032378655629795	-1.44127777219403
397	0.9839962897711908	-2.4494492803640022	1.0	0.0	-0.2696729480003487	-1.1901009194357142	B3	397	-0.550317144410589	0.0436005278514163	0.207942449005962
151	-1.2578575928423548	-0.5552597332076762	0.0	0.0	1.5884402065569267	-1.7404106776289252	B1	151	-2.02537341898317	-0.188261566304373	0.471200182938936
473	1.1402191818385523	-0.2821553821087086	1.0	0.0	1.0188064707179392	1.013249815371399	B3	473	1.97777565279044	0.188174543632119	0.496490678160897
217	-0.4774086494408861	-1.980776740834876	0.0	0.0	0.3963812215631262	-0.5965740298455487	B2	217	-0.591074858895521	0.566777955769371	0.99434556045379
421	0.3766467524191239	-0.1707621890915518	1.0	0.0	-1.212032621830397	0.5429663518299074	B2	421	0.101877872863502	0.337286115522036	0.142716608348129
212	0.7488940724700807	0.553949147355921	1.0	1.0	2.6072042439689764	-1.2230942245689198	B3	212	-0.0034966568843268	1.414451490428	-1.73762899052836
450	-1.2445426736592071	-0.1796523113732493	0.0	0.0	1.7877305550184646	-1.4959269095746512	B1	450	-0.0032171122862524	1.97248349042151	-0.146851872836864
384	-0.5458519940698457	0.1309164153952562		1.0	-0.050027987070537	1.3777981524996168	B1	384	-0.673906243517	-0.531445823842769	-0.790683740625223
114	-0.2254928329575596	-0.1396620902625725	0.0	0.0	-0.2497958172020347	0.2354296885149071	B2	114	-1.61446325699769	1.08295716575695	1.79168179051707
79	-1.9116579659512944	1.1103498482848737	0.0	1.0	0.7175824082953346	-1.980776740834876	B1	79	-1.72481360521243	0.18465858767883	-1.23789473827296
192	-0.3394034459756072	-0.5695802535356469	0.0	0.0	-0.1649348560132909	-2.0962224712289843	B2	192	0.705378901432609	-0.442735603414705	-0.723030937642743
117	0.7111556836519528	2.153525389108508	1.0	1.0	1.2573937760035447	-0.8475714740581328	B3	117	1.0281760163777	-0.944176657853787	-0.849636093259524
20	1.5394566797469251	-7.926457716849677e-05	1.0	0.0	-0.2871721612474389	0.0411481767643575	B3	20	0.492114198246884	-0.0013178842286995	0.62113003145282
287	1.658391180188154	3.5965463607888486	1.0	1.0	-1.4251415011354849	0.913018265566958	B3	287	1.7600404868672	0.86971773121211	-1.1225428057822
96	0.5882935940652537	-0.1895839551659786	1.0	0.0	-1.589591178874074	-0.4719856841236639	B3	96	-0.575544600833662	1.09070201543903	0.0984300561574584
120	0.1309164153952562	0.054506861562713	1.0	1.0	-1.1752612835403988	-2.3589818092376342	B2	120	0.382476233707342	-0.133406454088862	-1.05408793400058
281	-0.7811541586520457	-1.4985341158085754	0.0	0.0	-0.4338837693442397	-1.0057835319597124	B1	281	0.0444170182142923	0.789377590728428	0.781404555410717
493	0.9191104275425048	-0.1546518851418047	1.0	0.0	1.492872875389211	-0.2744230179428616	B3	493	0.720297214674885	1.55770018984445	1.7692979541215
444	1.6503819866189111	0.822230557498965	1.0	1.0	0.7177935231258309	0.822230557498965	B3	444	1.52595304052576	-0.173539684026595	-0.947528184549204
18	-0.5132181734188253	-0.2241948118815019	0.0		-1.071043452154829	-0.472708427483925	B1	18	-1.82390541901684	0.198218919902063	0.666614806000583
152	-0.0970053144849687	0.4301393873631534	0.0	1.0	-1.6775958547520566	1.3056699098740336	B2	152	0.860627995182198	-0.720148339360642	-0.770997708738759
341	-0.8213334676435591	1.1565871160947805	0.0	1.0	-1.9897038536605167	-1.212032621830397		341	-0.327455226114505	-0.299027016341994	1.15257784935637
349	0.3963812215631262	1.4766090213622798	1.0	1.0	-0.3808633841949227	-0.4769402620727404	B2	349	-0.889682558174095	-3.75500098361948	0.951415382296232
441	-1.298832108780333	-2.109427602805172	0.0		0.1445135633062106	-0.2241948118815019	B1	441	0.498774860942123	0.824228609926728	0.258177910093118
202	-0.4683803455991253	-0.1439559514132748	0.0	0.0	0.2558071082994665	-1.3251833396320472	B2	202	1.1967442135137	-2.53945571436358	-1.18290930991659
306	-1.1901009194357142	-1.3324335054916632	0.0	0.0	0.0074418075185122	-0.2322606333251013	B1	306	1.78336611406654	1.81258706009664	2.21509213437292
395	-0.3061122364955118	0.3072979372247395	0.0	1.0	0.1086125064282297	-1.3219451447015316	B2	395	-0.249694418967338	0.568791794274843	0.799644391373855
272	-0.5174737513107168	-0.3887229530927819	0.0	0.0	-1.3101439365860013	0.1309164153952562	B1	272	-1.71579509456485	0.331053754108528	-0.309686238454332
486	1.823814812172757	1.0353397078763549	1.0	1.0	-0.7000910464946777	-0.1707621890915518	B3	486	0.105750753213039	-0.718526178019354	1.6796384333845
299	-0.9705425801141658	-1.3219451447015316	0.0	0.0	-0.3965127185254764	1.0353397078763549	B1	299	-1.01169881487892	0.421285842494731	-0.127456459580007
482	0.9365883769687702	-0.4535321516545124	1.0	0.0	0.9386731103091898	1.31328879515592	B3	482	0.219042700250454	-0.997236453336354	0.895137214974744
82	-0.0979342159224097	-0.1217091099119399	0.0	0.0	0.7233028036905063	-1.2993293254003837	B2	82	0.278898903282693	0.915747535671584	0.55591984832299
241	1.0303745125812631	0.274954268508773	1.0	1.0	-1.0887963283029611	0.1086125064282297	B3	241	-0.521513973408463	0.790904235650827	0.086850161445771
276	-0.4769402620727404	0.0196980382411425	0.0	1.0	0.2519277543876505	-2.372718822624928	B2	276	0.0841339962579271	1.07519734277879	-0.674417825943384
462		-0.2927710750283572	1.0	0.0		-0.4717474685706561	B2	462	-1.15537249457013	2.48262760909883	0.956932733058004
315	-0.8717433837106624	0.5466104498110623	0.0	1.0	1.1992281082636649	-0.1546518851418047	B1	315	-0.949839805579198	1.45613405551077	-0.171630169552659
322	-0.0201894800269186	1.3263850865010316	0.0	1.0	-0.472708427483925	-0.1747777783307673	B2	322	-1.01289579517596	-0.0270744081097838	-0.974583689186217
35	0.4579547646635299	-1.714950186712027	1.0	0.0	0.1669552056864097	0.0485016949386254	B2	35	0.816772061606045	1.53381358254476	0.474727910680923
52	-0.3366711458816414	-0.1747777783307673	0.0	0.0	0.2456661714447876	-0.5695802535356469	B2	52	-1.80608450923547	-1.01970469537602	-2.3276246808876
443	1.3777981524996168	0.3489648675330413	1.0	1.0	-1.2600086040654477	1.6073233297076983	B3	443	1.63849897616018	1.38946467311879	-0.782600239716082
116	0.4530758437690287	1.492872875389211	1.0	1.0	-1.1963740018230864	1.5884402065569267	B2	116	-1.33405141338608	0.784867755549606	0.454339460511901
8	0.1669552056864097	1.2083545960448898	1.0	1.0	-0.2488661365178917	0.5950634513012234	B2	8	2.31188685141419	-2.08340899187172	0.312355654322118
48	-1.2230942245689198	0.1959405101105897	0.0	1.0	0.7040291497308593	-0.517780452691308	B1	48	-0.704988799276764	0.114948625495636	0.355374004192616
335	-0.4389661673885548	0.8377731253742943	0.0	1.0	-0.4631773304001282		B2	335	0.183358257558995	-0.0831282511368581	0.433822596451396
437	0.9013174516851364	-1.5571441883774877	1.0	0.0	0.2330906457766794	-0.0979342159224097	B3	437	2.71174074551991	1.57493867587087	-0.688704599128927
203	-0.0396294586927375	0.5405485678497597	0.0	1.0	-0.3132783521173577	-0.3965127185254764	B2	203	-0.390733348779326	-0.565154112561019	1.54609780274072
338	-0.3926918515697784	1.0406689409301526	0.0	1.0	0.4848969609561479	-0.0685021082013393	B2	338	0.125226073338694	-0.612502253575669	1.9613718864005
246	0.3072979372247395	-0.1649348560132909	1.0	0.0	-1.316796818445614		B2	246	-0.962425935625463	-1.37957764887356	-0.935088714487197
398	-2.109427602805172	-2.1157735686133883	0.0	0.0	-0.2254928329575596	-0.0201894800269186	B1	398	-0.155761262486867	-1.14990959168668	-0.764908731593276
344	-1.7090986597057412	-2.0962224712289843	0.0	0.0	0.4118304659618171	-0.1688259831633778	B1	344	-0.840138408391043	1.4845727187796	-0.581505185126562
57	1.4523360524496092	0.9191104275425048	1.0	1.0	6.66	-0.0113866177185837	B3	57	0.420300599394053	-0.93219359335265	-1.31203233361224
442	-0.6380248204283618	-0.1669013948228953	0.0	0.0	-0.2491731460170281	1.004242318973581	B1	442	0.21463224937359	-2.06128512704817	-1.93738868157208
97	1.2377386081497168	-1.589591178874074	1.0	0.0	-0.1251806509698531	-0.6186969481783715	B3	97	0.175108204140961	0.0423557034039549	0.830270964031336
425	-0.119456479735899	0.5010288555718972	0.0	1.0	-1.4112071973049491	-0.624780748917754	B2	425	-0.296271249700639	0.464767162492862	0.573146275298587
181	1.1232696382170495	1.022380976723825	1.0	1.0	-0.5526641897761696	0.6335258906599922	B3	181	1.0173814591059	0.335230742824172	1.80773614044068
85	1.7337564931524567	-0.6501615855731889	1.0	0.0	-0.0376491372390905	0.0862962213028851	B3	85	1.09275660021931	-0.768682708638166	-0.251264904741988
253	0.7873316028203755	0.3420901284971981	1.0	1.0	1.5378432998509857	0.4086993228879941	B3	253	-0.736475374938984	0.818502653041985	-0.0959214566187271
12	0.4512065804874292		1.0	0.0	-0.7429788972407904	-0.5375714580159776	B2	12	-0.191218100107435	0.124413606154074	-0.445679018953628
66	-1.1445325100301038	-0.1095036372665212	0.0	0.0	-0.1419776926420219	0.3420901284971981	B1	66	0.608899641360111	0.540149707396411	-1.54990095597012
254	-0.5739394940501295	0.0465913449658079	0.0	1.0	0.1640491851783853	-0.4378362565094535	B1	254	0.762687847709622	-0.992359225839721	-0.619136896682819
218	-0.1419776926420219	-0.3027911974132581	0.0	0.0	-0.8473514861984687	-1.8171186074532928	B2	218	2.25670365684985	-0.315748293528222	0.365477681343191
1	-0.4267761781290719	0.3730542303129533	0.0	1.0	0.3267793004276556	-0.2569614554903415	B2	1	1.46837294454993	1.93779743016325	0.152887004505393
301	-1.0789380083099478	0.0072657109833799	0.0	1.0	-0.9899916360986122	-0.4535321516545124	B1	301	-0.191041983162951	-1.26656674240632	0.268176102391084
456	1.3056699098740336	-1.813422352445905	1.0	0.0	-0.2676477096598135	-0.9721467722081952	B3	456	-2.4756239289431	-0.567341520954236	1.58452126894583
126	0.8632834147663099	0.480091253702452	1.0	1.0	-0.0136163127730196	-0.3394034459756072	B3	126	-0.38738113615745	-0.491841324400474	-1.01039561599705
219	-0.1747777783307673	0.5674460462704479	0.0	1.0	0.1925558424443856	-0.4214170300624045	B2	219	-1.57233822739218	-0.850792763875279	0.904498367464702
409		0.9453281558278972	0.0	1.0	-2.016184028763443	-0.1914051114382599	B2	409	-1.55223859906654	-0.169894465482847	1.73532648540805
160	-1.2993293254003837	-0.475529391106999	0.0	0.0	-1.0789380083099478	3.5965463607888486	B1	160	0.239744640961947	0.871455671502197	-1.33433166716954
29	0.7177935231258309	0.0292488140082527	1.0	1.0	-1.614633788145904	1.2083545960448898	B3	29	-0.458120017369043	-1.66046537945916	-0.764679088096362
205	-1.614633788145904	1.1402191818385523	0.0	1.0	1.658391180188154	0.1023296615040254	B1	205	0.453171623475049	-0.963323712166816	-0.17591279169021
318	1.2573937760035447	-0.3865037693784083	1.0	0.0	0.9839962897711908	1.574341948844662	B3	318	-0.203767226505989	1.45446480582589	-0.266331940952407
414	1.1280827301911354	-1.7606788880705646	1.0	0.0	-0.4717474685706561	1.3263850865010316	B3	414	-0.943621151033741	0.511887198257892	1.95695832761542
122	-0.6946269492816117	-0.6946269492816117	0.0	0.0	-2.5143419880300866	0.5532311359350739	B1	122	-0.639314792216002	-1.51802669112881	-0.236607587664175
197	-0.0897247206880752	0.4118304659618171	0.0	1.0	1.65558791310931	0.7488940724700807	B2	197	0.509737117278231	1.89680480039478	-0.415803626548454
343	-0.3866940870263237	0.4848969609561479	0.0	1.0	-0.2744230179428616	0.4706100983663504	B2	343	0.0069929874923779	-0.256989059952088	2.39698946550435
146	-0.5855466346375702	-1.298832108780333	0.0	0.0	-0.7446821129490644	1.3436149731702158	B1	146	-0.0671855408009469	-1.00497960305324	-0.591564299670578
389	0.7655351504255072	-0.3866940870263237	1.0	0.0	0.8146794446207906	-0.5935982739213578	B3	389	1.40469250953944	-0.850683420122761	-0.58653583423649
439	-0.1396620902625725	0.4579547646635299	0.0	1.0	-1.813422352445905	-0.196005627932633	B2	439	-0.412194239388631	-1.55399453877199	-0.0474936213927865
374	0.6335258906599922	-1.579481582437942	1.0	0.0	-0.5739394940501295	0.1357209008468077	B3	374	-0.0054481750161396	1.47285432322312	-0.175075944959192
43	1.426414899954135	1.30110161745003	1.0	1.0	-0.591996102804245	0.9874048999158505	B3	43	1.11493936987582	1.19669056647332	0.228930749067015
65	-0.2505242457789806	0.024441125372044	0.0	1.0	-1.976222327221273	1.1402191818385523	B2	65	0.095020228154413	-1.1000660873379	0.270727993728319
280	1.1825833509904309	-0.7357404438785312	1.0	0.0	0.1596833722810868	0.1145164389832793	B3	280	-2.09233520668221	0.122388401239843	0.0745129102324621
141	1.4766090213622798	-0.3042705277753159	1.0	0.0	0.1023296615040254	0.5674460462704479	B3	141	-0.890347761887952	-0.728192084856763	0.551271266403087
313	0.1124562579443339	-2.3144897119335965	1.0	0.0	-0.1851842265888466	0.3875310056049545	B2	313	0.746165575759412	-1.10415473494955	0.926750246438677
292	1.641895301641597	-0.6528662364260229	1.0	0.0	1.1232696382170495	-1.9500708808705016	B3	292	-0.217403205034682	-2.29536071176852	1.44441176711928
53	-1.4251415011354849	0.7848503716979157	0.0	1.0	-1.5253493737129329	0.6801247297121218	B1	53	0.519469347430971	-0.844754918129089	-1.2448698272613
261	0.7462827401513036	-0.0300423123778464	1.0	0.0	-0.2086823379220931	0.1091604261932204	B3	261	0.0110238851144448	-1.1241917371126	-1.70605047017061
461	0.1596833722810868	-0.8221081713776588	1.0	0.0	0.4943858268242408	1.1232696382170495	B2	461	1.68527704564746	-0.169581954989677	-1.4370621269365
477	-1.010236868117858	0.3875310056049545	0.0	1.0	0.0795044121255299	0.480091253702452	B1	477	1.20862127917688	-1.29044795160467	0.161638205861625
198	0.2856382005948471	-0.8213334676435591	1.0	0.0	-1.6327825926249715	-1.9116579659512944	B2	198	0.408429190860523	-0.283375339941657	-1.7310558218924
104	-0.3606425914729865	-0.3394034459756072		0.0	-0.8034926266352286	-0.3606425914729865	B2	104	-1.6615260282383	0.159178498429531	1.83335537436144
452	2.5740374683027536	-2.016184028763443	1.0	0.0	-0.4397850120995375	0.4530758437690287	B3	452	0.870946331189198	-1.4242008489949	-0.228144189377569
333	-1.3324335054916632	-0.7686850358271917	0.0	0.0	0.1959405101105897	0.054506861562713	B1	333	-0.619765511690178	0.717145096834534	0.405405931529327
326	-0.3044880253487302	0.7488940724700807	0.0	1.0	2.213068368476612	-0.2491731460170281	B2	326	2.187931429856	-0.0448832133939714	-0.0916768117939348
64	-0.3515988379695028	0.913018265566958	0.0	1.0	-1.1445325100301038	0.5106401356154838	B2	64	1.39985768650602	1.026009752497	0.517978165296883
329	-1.156810978360592	-1.0789380083099478	0.0	0.0	-0.1095036372665212	-0.0136163127730196	B1	329	-0.988155592500341	-0.462056013220845	-1.00920674215424
354	1.0300254802129547	-0.0852041770173246	1.0	0.0	0.706410116238176	0.2825803847207173	B3	354	-1.99258172213664	-0.145854539283609	-0.937226004051109
470	0.6801247297121218	-0.1251806509698531	1.0	0.0	1.2310204712452886	1.2074649724277058	B3	470	0.110540452409726	-1.60122797696722	-1.47297570682647
196	0.2448382699885931	1.3907852235803375	1.0	1.0	0.054506861562713	-0.8717433837106624	B2	196	0.352508349429745	-1.58333473521584	-0.321749790049319
249	0.6554963064376974	0.5643452560242491	1.0	1.0	-0.4719856841236639	-0.6891721537433959	B3	249	-0.734494319621749	0.503398184636999	-0.400247221684379
371	-1.579481582437942	0.1001572162215673	0.0	1.0	1.2043113720050476	-0.3287910850620258	B1	371	0.635231718115305	-0.570508750553901	0.270193218342475
375	1.5884402065569267	0.1023296615040254	1.0	1.0	-0.2312557236955618	0.9245092282950892	B3	375	-1.69155549579082	-0.522545241727092	1.35619066795485
311	0.6962558464296542	-0.7811541586520457	1.0	0.0	-1.1399558386575048	-2.1157735686133883	B3	311	0.218752902211661	-0.295691693617648	-0.369586168708846
484	0.1145164389832793	-1.1445325100301038	1.0	0.0	-2.1157735686133883	0.9191104275425048	B2	484	1.95646567445163	-0.766893627230944	-2.25829087824114
438	0.3261583219287441		1.0		-1.7606788880705646	-0.6695465895569117	B2	438	0.30320726335083	0.398285443256563	0.452069614194104
476	-1.3101439365860013	-0.2322606333251013		0.0	-0.4214170300624045	-0.2497958172020347	B1	476	-0.94451472563566	-1.46724267422952	0.0614521434616583
368	1.7877305550184646	0.9195632859199347	1.0	1.0	0.7660599548056037	-0.0696760069878358	B3	368	0.667621992718285	1.23843683950396	-0.418220413620227
173	-0.2491731460170281	-1.1752612835403988	0.0	0.0	0.4153394063226016	-0.9302463996121688	B2	173	-3.01149418318528	-0.758603658576047	1.29712100326943
339	-1.2586337442612614	0.8181457381771525	0.0	1.0	1.5394566797469251	0.7175824082953346	B1	339	-1.5853989455743	-0.0332048306778363	-0.809711201156886
423	0.7233028036905063	0.0570358458323569	1.0	1.0	-0.94778799533194	-1.0918707470545093	B3	423	0.780193790567571	-0.262196400577283	0.222568348036814
348	0.822230557498965	0.1041795024208633	1.0	1.0	-0.1519268773269188	0.9013174516851364	B3	348	-1.31452129325411	0.552333014970822	-0.955732804108503
169	-0.6695465895569117	1.1825833509904309	0.0	1.0	1.0303745125812631	0.7262504583960367	B1	169	1.33325582492572	0.04748966314378	0.930597282445587
162		-1.2445426736592071	1.0	0.0	-0.6076341029698831	-0.1095036372665212		162	1.19623249643198	0.267536839445432	0.140965625037645
17	0.2094521519688968	0.2856382005948471	1.0	1.0	-0.5552597332076762	-0.6396046050764921	B2	17	-1.25780414213882	-0.436076358461935	0.285499268174478
319	-1.2648304446149456	-1.1399558386575048	0.0	0.0	1.3436149731702158	-0.1217091099119399	B1	319	0.514968594844155	0.474162886855075	1.3500815223921
14	0.1091604261932204	2.1497157962418174	1.0	1.0	0.6335258906599922	-0.5739394940501295	B2	14	-1.54261453972438	-1.14822985845664	0.947663490874804
433	-0.0670051947640402	1.1232696382170495	0.0	1.0	1.30110161745003	0.2519277543876505	B2	433	0.639411740672879	-0.0510277115266688	-1.00291397287483
102	-0.1796523113732493	0.6736681336462624	0.0	1.0	-0.8475714740581328	0.2094521519688968	B2	102	0.541792990472648	-1.60372007316255	1.15784127932312
208	0.1925558424443856	0.7177935231258309	1.0	1.0	-0.6396046050764921	0.4021008709651108	B2	208	0.121863300305586	-0.785472105457895	-0.024584067857987
307	1.022380976723825	-1.3848053256406825	1.0	0.0	-1.2993293254003837	1.5394566797469251	B3	307	-1.66459000979854	1.05607813943896	1.01618343377454
209	-0.0136163127730196	-0.065056323093507	0.0		1.0353397078763549	0.4503962039287424	B2	209	0.238155363079482	0.0801843336257735	0.699724938898343
366	-0.8475714740581328	0.405703045213449	0.0	1.0	1.641895301641597		B1	366	-0.0805784158116847	0.716674158295844	-1.20246006637217
177	0.4706100983663504	-1.3859563214470878	1.0	0.0	-1.6278769464058696	1.022380976723825	B2	177	-1.10205074755081	1.04709464276291	0.358444545273432
215	1.187231623861802	-0.6396046050764921	1.0	0.0	-0.5855466346375702	-0.2312557236955618	B3	215	1.89024923544878	0.741764948637318	-1.0155203395098
115	0.0021879911560499	0.2519277543876505	1.0	1.0	-0.0784911159076919	0.6917746087291479	B2	115	1.44890500897322	0.0976050676871842	0.413386003360211
165	-0.5552597332076762	0.7294502561042351	0.0	1.0	-0.0685021082013393	-0.3061122364955118	B1	165	0.681239498389416	0.0685010764996153	1.60785602940155
390	1.574341948844662	-0.9143361188838738	1.0	0.0	-0.2484411448246332	-0.5855466346375702	B3	390	0.949585868985058	1.03517537412855	-1.87918662807997
2	0.553949147355921	0.2448382699885931	1.0	1.0	1.4766090213622798	-0.2086823379220931	B3	2	-1.2234390803815	-1.63408619199948	-0.190201446835255
332	-1.1752612835403988	-0.2254928329575596	0.0	0.0	-0.3042705277753159	-0.110277522919618	B1	332	-0.145093288027965	-0.726857837930715	0.0029109500946978
481	-0.5859626268400073	-1.2541501943392634	0.0	0.0	-0.9705425801141658	0.9059888912622454	B1	481	-2.14479871510897	-1.26350470899781	-0.624638080485053
222		0.7462827401513036	1.0	1.0	-0.5695802535356469	0.7407513064839535	B2	222	-0.650744878298164	0.715410607037681	0.815096345271332
394	-0.8933433333160953	0.6554963064376974	0.0	1.0	-1.3251833396320472	-0.6076341029698831	B1	394	-1.0735260519271	-0.181197904670042	1.8538972843443
340	-0.2857218326631238	-0.4307992020853381	0.0	0.0	-0.0970053144849687	1.7510265942816932	B2	340	-0.270814906273368	1.15150627999799	-1.31156103028854
447	0.1331901630236067	-1.3101439365860013	1.0	0.0	-1.2578575928423548	-0.6946269492816117	B2	447	1.52072550218058	0.726264516797679	-0.298656274471634
463	-1.6712997326777923	-1.070382200424481	0.0	0.0	1.0894028037803278	-0.1851842265888466	B1	463	-0.8369395055165	0.327073379726694	-0.0250871351453328
345	0.5674460462704479	1.5378432998509857	1.0	1.0	-0.8717433837106624	0.4848969609561479	B3	345	0.299514178506534	-1.49891507259923	-1.79871610742881
227	0.6736681336462624	-0.451512577695711	1.0	0.0		0.3807668974676348	B3	227	-0.18142884904785	1.08723994079201	0.8524808816003
131	1.069953907594907	0.017149909504142	1.0	1.0	0.6801247297121218	0.7655351504255072	B3	131	0.136338134070754	1.71167953754715	1.48059989978744
303	-1.0446790730803917	0.4153394063226016	0.0	1.0	0.7332632139169448	0.8632834147663099	B1	303	0.171697377948325	1.19790586667098	-0.303744643932396
32	-0.3530429336094971	0.9874048999158505		1.0	0.0786411099917448	-2.5143419880300866	B2	32	0.268933322714231	0.634297194777424	1.04284699511091
257	-0.472708427483925	-1.0446790730803917	0.0	0.0	-2.3589818092376342	0.1331898731839282	B2	257	2.93644221009186	0.132408626655896	-0.571253063956656
58	-0.1439559514132748	0.9013174516851364	0.0	1.0	0.9365883769687702	-0.1255644094578015	B2	58	-0.238882262339433	-0.0165310522813234	0.734926334380315
164	-0.3105668719151074	0.1357209008468077	0.0	1.0	2.851634453916995	-0.0970053144849687	B2	164	0.627891419343745	0.316909753958488	-0.0892333697150752
377	0.3730542303129533	-0.472708427483925	1.0	0.0	-0.6186969481783715	0.1001572162215673	B2	377	-1.84062788360435	-0.355930890969487	-1.47395465638291
6		-0.3105668719151074	1.0	0.0	0.2448382699885931	1.658391180188154	B3	6	1.12924506994131	1.1642622220428	-1.02039868555522
431	-0.8191888326171307	1.0894028037803278	0.0	1.0	2.505180527543909	2.2658417254598926	B1	431	-0.0609168353150149	1.00578542421274	-1.77184370913112
108	-1.816838558589968	1.3935867757798692	0.0	1.0	-1.2648304446149456	1.3935867757798692	B1	108	-0.36380704330813	-1.7603273967847	-1.77651590916735
63	-0.7446821129490644	1.7337564931524567	0.0	1.0	-0.4601117935870594	-0.6679020556063455	B1	63	1.30730858869995	-0.110656485868179	0.263451989549831
187	0.3420901284971981	-0.9705425801141658	1.0	0.0	-0.4467807695397318	-0.0156568843362261	B2	187	0.215069384601449	1.58967716981485	-2.36256657114121
143	0.3331349454598871	-0.3287910850620258	1.0	0.0	0.4980033880636772	-0.3027911974132581	B2	143	-0.0701403417878827	0.927860684923288	0.556779551740602
342	1.0406689409301526	-0.4338837693442397	1.0	0.0		0.8181457381771525	B3	342	2.29830643498446	2.01125132335651	-0.248521329194713
132	0.7332632139169448	0.9386731103091898	1.0	1.0	0.5950634513012234	2.1497157962418174	B3	132	-0.431976638941024	-0.578190737622724	0.425291746107116
