SNP	CHR	BP	MAF	L2
mog_0	1	1	0.023	0.952
mog_1	1	2	0.076	0.866
mog_2	1	3	0.049	0.977
mog_3	1	4	0.055	0.974
mog_4	1	5	0.086	1.181
mog_5	1	6	0.048	0.932
mog_6	1	7	0.151	0.954
mog_7	1	8	0.116	1.051
mog_8	1	9	0.271	1.0
mog_9	1	10	0.022	0.986
mog_10	1	11	0.146	1.04
mog_11	1	12	0.043	0.982
mog_12	1	13	0.244	1.123
mog_13	1	14	0.12	1.047
mog_14	1	15	0.206	1.0
mog_15	1	16	0.025	1.044
mog_16	1	17	0.191	1.146
mog_17	1	18	0.013	1.042
mog_18	1	19	0.253	0.958
mog_19	1	20	0.129	1.069
mog_20	1	21	0.227	1.054
mog_21	1	22	0.122	1.04
mog_22	1	23	0.234	0.842
mog_23	1	24	0.197	1.054
mog_24	1	25	0.25	0.98
mog_25	1	26	0.223	0.93
mog_26	1	27	0.241	1.048
mog_27	1	28	0.165	1.018
mog_28	1	29	0.099	1.048
mog_29	1	30	0.189	0.92
mog_30	1	31	0.214	0.951
mog_31	1	32	0.153	0.941
mog_32	1	33	0.143	1.006
mog_33	1	34	0.194	1.205
mog_34	1	35	0.107	0.914
mog_35	1	36	0.068	1.005
mog_36	1	37	0.182	0.987
mog_37	1	38	0.098	1.047
mog_38	1	39	0.03	0.914
mog_39	1	40	0.116	1.019
mog_40	1	41	0.019	0.966
mog_41	1	42	0.14	0.963
mog_42	1	43	0.218	0.93
mog_43	1	44	0.057	0.994
mog_44	1	45	0.122	0.998
mog_45	1	46	0.229	1.03
mog_46	1	47	0.239	0.918
mog_47	1	48	0.233	1.04
mog_48	1	49	0.037	1.123
mog_49	1	50	0.306	1.023
inf_0	2	51	0.124	1.028
inf_1	2	52	0.103	0.949
inf_2	2	53	0.136	0.974
inf_3	2	54	0.178	1.026
inf_4	2	55	0.123	0.964
inf_5	2	56	0.26	1.009
inf_6	2	57	0.292	1.074
inf_7	2	58	0.191	1.039
inf_8	2	59	0.17	1.035
inf_9	2	60	0.142	1.011
inf_10	2	61	0.193	0.993
inf_11	2	62	0.272	0.914
inf_12	2	63	0.124	1.003
inf_13	2	64	0.297	0.945
inf_14	2	65	0.168	1.029
inf_15	2	66	0.227	0.947
inf_16	2	67	0.199	0.913
inf_17	2	68	0.195	1.045
inf_18	2	69	0.232	1.001
inf_19	2	70	0.178	0.954
inf_20	2	71	0.187	1.128
inf_21	2	72	0.224	0.986
inf_22	2	73	0.137	0.958
inf_23	2	74	0.165	1.15
inf_24	2	75	0.212	1.04
inf_25	2	76	0.116	0.99
inf_26	2	77	0.112	0.969
inf_27	2	78	0.275	1.045
inf_28	2	79	0.167	1.001
inf_29	2	80	0.118	1.015
inf_30	2	81	0.242	1.039
inf_31	2	82	0.137	1.04
inf_32	2	83	0.229	0.971
inf_33	2	84	0.222	1.017
inf_34	2	85	0.263	0.911
inf_35	2	86	0.107	1.039
inf_36	2	87	0.242	1.026
inf_37	2	88	0.191	1.012
inf_38	2	89	0.193	1.035
inf_39	2	90	0.222	1.075
inf_40	2	91	0.187	1.039
inf_41	2	92	0.248	1.04
inf_42	2	93	0.237	0.936
inf_43	2	94	0.131	0.968
inf_44	2	95	0.148	0.996
inf_45	2	96	0.109	0.895
inf_46	2	97	0.149	0.888
inf_47	2	98	0.279	1.032
inf_48	2	99	0.122	0.977
inf_49	2	100	0.198	1.08
inf_50	2	101	0.186	0.927
inf_51	2	102	0.228	0.981
inf_52	2	103	0.259	0.96
inf_53	2	104	0.141	1.0
inf_54	2	105	0.187	1.03
inf_55	2	106	0.18	0.953
inf_56	2	107	0.233	0.992
inf_57	2	108	0.221	0.995
inf_58	2	109	0.245	0.954
inf_59	2	110	0.269	0.977
inf_60	2	111	0.192	0.994
inf_61	2	112	0.151	0.968
inf_62	2	113	0.147	1.062
inf_63	2	114	0.211	0.98
inf_64	2	115	0.215	1.029
inf_65	2	116	0.3	1.012
inf_66	2	117	0.199	0.963
inf_67	2	118	0.198	1.012
inf_68	2	119	0.285	1.076
inf_69	2	120	0.256	0.915
inf_70	2	121	0.253	0.996
inf_71	2	122	0.189	0.89
inf_72	2	123	0.12	0.953
inf_73	2	124	0.263	1.019
inf_74	2	125	0.138	1.052
inf_75	2	126	0.202	0.983
inf_76	2	127	0.166	1.009
inf_77	2	128	0.168	0.925
inf_78	2	129	0.215	0.993
inf_79	2	130	0.115	1.012
inf_80	2	131	0.227	1.079
inf_81	2	132	0.297	1.006
inf_82	2	133	0.245	1.039
inf_83	2	134	0.194	1.109
inf_84	2	135	0.252	1.015
inf_85	2	136	0.269	1.015
inf_86	2	137	0.199	1.007
inf_87	2	138	0.248	1.087
inf_88	2	139	0.142	1.151
inf_89	2	140	0.297	0.997
inf_90	2	141	0.109	1.009
inf_91	2	142	0.284	0.991
inf_92	2	143	0.19	1.038
inf_93	2	144	0.247	1.007
inf_94	2	145	0.189	0.882
inf_95	2	146	0.206	1.003
inf_96	2	147	0.19	0.997
inf_97	2	148	0.179	1.135
inf_98	2	149	0.238	1.027
inf_99	2	150	0.213	1.062
null_0	3	451	0.224	0.984
null_1	3	452	0.186	0.978
null_2	3	453	0.145	1.028
null_3	3	454	0.198	1.033
null_4	3	455	0.257	0.993
null_5	3	456	0.175	1.011
null_6	3	457	0.119	1.068
null_7	3	458	0.245	0.903
null_8	3	459	0.244	1.037
null_9	3	460	0.206	0.935
